,negative,positive,total
aaaaages,0,1,1
aaaaahhh,1,0,1
aaaaahhhh,0,1,1
aaaall,1,0,1
aaaand,1,0,1
aaaawww,0,1,1
aaah,0,1,1
aaajaayradd,1,0,1
aaargh,1,0,1
aaarrrrgghhhh,1,0,1
aaaww,1,0,1
aaawwww,1,0,1
aah,1,0,1
aargh,2,0,2
aaru,0,1,1
abay,0,1,1
abby,1,1,2
abc,2,1,3
abcessed,1,0,1
abdomen,1,0,1
abdul,1,0,1
aber,0,1,1
abigail,0,1,1
ability,1,0,1
abis,1,0,1
abit,3,1,4
able,25,13,38
ablt,1,0,1
abolished,0,1,1
about,213,163,376
above,0,4,4
abroad,0,1,1
absolute,2,1,3
absolutely,4,8,12
absolutley,1,0,1
absorb,0,1,1
absorbing,0,1,1
abt,5,3,8
abused,1,0,1
ac,8,0,8
acabo,0,1,1
academy,0,1,1
accent,0,1,1
accept,0,1,1
accepted,0,4,4
access,6,5,11
accessory,0,1,1
accident,1,2,3
accidentally,1,2,3
accidents,1,1,2
accom,0,1,1
accomodation,0,1,1
accompanied,1,0,1
accompanying,1,0,1
accomplished,1,0,1
accordance,1,0,1
according,2,2,4
account,11,9,20
accountant,0,3,3
accountants,0,1,1
accounting,0,2,2
accounts,0,1,1
accross,1,0,1
acct,0,1,1
accurate,0,2,2
accuse,0,1,1
accused,0,1,1
ace,1,1,2
ach,1,1,2
ache,10,1,11
aches,5,2,7
achet,1,0,1
achieved,1,0,1
achievement,0,1,1
achievements,0,1,1
achievin,1,0,1
achilles,1,0,1
aching,3,3,6
achmed,0,1,1
ack,2,0,2
ackin,0,1,1
acknowledge,0,2,2
acknowledgement,0,1,1
acland,0,1,1
acm,0,1,1
acosta,1,0,1
across,2,5,7
acting,4,2,6
action,0,3,3
actionscript,1,0,1
active,0,2,2
activist,0,1,1
activities,0,1,1
activity,0,2,2
actor,1,1,2
actress,7,0,7
actresses,1,0,1
actual,3,2,5
actually,35,32,67
actualy,0,1,1
acupuncture,1,0,1
ad,2,3,5
adam,2,1,3
adams,2,1,3
adapter,0,1,1
add,3,15,18
added,0,8,8
addict,2,3,5
addicted,1,3,4
addicting,0,7,7
addiction,1,1,2
addictive,1,3,4
addicts,0,1,1
adding,3,3,6
additions,0,1,1
additons,2,0,2
addled,0,1,1
address,4,1,5
addx,1,0,1
addy,2,0,2
adele,0,1,1
adenike,1,0,1
adik,0,1,1
adisson,0,1,1
adissonapparel,0,1,1
adium,0,1,1
adjusted,0,1,1
adjusting,0,1,1
admin,4,2,6
administrator,1,0,1
admired,2,0,2
admiring,0,1,1
admission,1,0,1
admit,3,2,5
admitted,1,0,1
adnams,0,1,1
adobe,1,1,2
adolescent,1,1,2
adorable,1,5,6
adore,2,0,2
adored,2,0,2
adrss,1,0,1
ads,1,0,1
adtech,0,1,1
adult,0,1,1
adulthood,0,1,1
adults,1,1,2
advance,0,1,1
advanced,1,2,3
advantage,0,2,2
advantages,1,0,1
adventure,2,2,4
adventures,1,1,2
advertising,0,2,2
adverts,0,2,2
advice,0,5,5
adwords,1,0,1
ae,1,0,1
aerodynamic,0,1,1
aesthetically,0,1,1
af,2,0,2
afar,0,1,1
affect,0,1,1
affected,0,1,1
affirmation,0,1,1
afford,4,1,5
afghanartistry,0,1,1
afl,0,1,1
afraid,9,4,13
african,0,1,1
after,55,44,99
afterall,0,1,1
aftermidnightproject,0,1,1
afternoon,11,12,23
afternoons,1,1,2
afterparty,0,1,1
afterwards,1,2,3
aftr,1,0,1
aftre,0,1,1
again,111,82,193
againn,0,1,1
against,6,1,7
age,18,4,22
aged,1,0,1
agen,1,1,2
agency,2,0,2
agent,0,1,1
ages,4,1,5
agghhhh,0,1,1
aggressive,0,1,1
agile,0,1,1
ago,26,14,40
agree,4,20,24
agreed,3,4,7
agrees,0,2,2
agressive,0,1,1
agua,1,0,1
ah,15,19,34
aha,2,5,7
ahah,0,1,1
ahaha,0,4,4
ahahah,1,1,2
ahahaha,0,1,1
ahahhaha,0,1,1
ahan,0,1,1
ahead,3,12,15
ahem,0,1,1
ahh,13,12,25
ahha,0,1,1
ahhaahhaha,0,1,1
ahhah,0,1,1
ahhh,6,14,20
ahhhh,4,5,9
ahhhhh,2,0,2
ahhhhhhhhhhhhh,1,0,1
ahie,1,0,1
ahm,0,1,1
ahnothing,1,0,1
ahupua,0,1,1
ai,1,2,3
aiac,1,0,1
aid,0,1,1
aided,0,1,1
aiden,0,1,1
aids,1,1,2
aiesec,0,1,1
aig,0,1,1
aight,0,2,2
aim,1,0,1
aimed,2,0,2
aiming,1,0,1
ain,1,5,6
aint,5,5,10
aintitcool,0,1,1
aior,0,1,1
aiport,0,1,1
air,10,5,15
airfiel,1,0,1
airlines,0,2,2
airplane,0,1,1
airport,3,5,8
airports,0,1,1
ais,0,1,1
aisles,0,1,1
aiya,1,0,1
aja,0,1,1
aka,1,4,5
akali,0,1,1
akimbo,1,0,1
akitas,1,0,1
ako,0,1,1
aktually,0,1,1
al,1,1,2
alabaster,2,0,2
alam,1,1,2
alameda,0,1,1
alamia,1,0,1
alan,0,1,1
alarm,1,3,4
alas,4,0,4
alaska,0,1,1
alaskaair,0,1,1
albarn,1,0,1
albert,0,1,1
album,4,8,12
albums,2,0,2
alcohol,0,1,1
alcoholic,0,2,2
ale,0,1,1
alert,2,2,4
alex,1,2,3
alexa,3,3,6
alexander,0,1,1
alfie,1,0,1
algorithmic,0,1,1
ali,1,3,4
alice,2,0,2
alicia,0,1,1
alien,2,1,3
aliens,0,1,1
alignment,1,0,1
alirght,0,1,1
alive,4,2,6
all,231,257,488
alla,1,0,1
allan,0,1,1
allegory,1,0,1
allen,0,2,2
allergic,1,0,1
allergies,2,1,3
allergy,2,1,3
alley,0,1,1
alli,0,1,1
alliance,1,0,1
alliances,0,1,1
alllergic,1,0,1
alllll,1,0,1
allllll,0,2,2
allo,0,1,1
allocation,1,0,1
allow,0,2,2
allowance,3,0,3
allowed,5,1,6
allowing,0,1,1
allways,0,1,1
almost,19,25,44
alone,21,8,29
along,2,11,13
alot,2,5,7
alpaca,0,1,1
alpha,0,1,1
alphabites,1,0,1
alr,1,0,1
alrdy,0,1,1
alread,1,0,1
already,56,38,94
alright,7,5,12
alrighty,1,1,2
alrite,0,1,1
also,18,33,51
altered,0,1,1
alternative,0,2,2
alternatively,0,1,1
although,5,7,12
alton,0,1,1
aluminum,2,0,2
alway,1,1,2
always,49,51,100
alweer,0,1,1
alwys,0,1,1
alzheimers,0,1,1
am,207,187,394
amaaazing,0,1,1
amalia,1,0,1
amanda,2,1,3
amaris,0,1,1
amaze,0,1,1
amazed,0,3,3
amazin,0,1,1
amazing,12,40,52
amazingg,0,1,1
amazinggg,1,0,1
amazingly,0,1,1
amazingness,0,1,1
amazon,1,1,2
amb,0,1,1
amber,0,2,2
amberlovely,0,2,2
ambien,0,1,1
amelia,0,1,1
amen,2,1,3
america,5,5,10
american,5,2,7
amerika,0,1,1
amidst,0,1,1
amo,1,0,1
among,2,1,3
amongst,0,1,1
amount,1,0,1
amounts,1,1,2
amozon,0,1,1
amphi,0,1,1
amritsar,0,1,1
amsterdam,0,3,3
amused,0,2,2
amusing,1,2,3
amy,1,4,5
an,119,144,263
ana,1,0,1
anah,1,0,1
anal,3,0,3
analyses,1,0,1
analysis,1,0,1
anastasia,0,2,2
anatomy,3,0,3
anchorage,1,0,1
anchorwoman,0,1,1
and,873,955,1828
andakilsa,1,0,1
andami,0,1,1
anders,0,1,1
andersen,0,1,1
anderson,1,0,1
andhika,1,0,1
andi,1,0,1
andison,0,1,1
andrea,1,0,1
andrew,0,2,2
andrewcilley,1,0,1
android,2,2,4
andy,5,1,6
aneh,0,1,1
anferney,1,0,1
ang,1,2,3
anga,1,0,1
angel,67,2,69
angeles,2,0,2
angelina,0,1,1
angels,19,1,20
anger,3,0,3
angie,1,0,1
angieruiz,1,0,1
angilena,0,1,1
angriiiii,1,0,1
angry,2,1,3
angst,1,0,1
anguish,1,0,1
angwaagee,0,1,1
anh,1,0,1
ani,0,1,1
animal,0,1,1
animals,0,2,2
animation,0,2,2
animations,0,1,1
anime,0,2,2
anithing,0,1,1
aniversary,0,1,1
ankie,0,1,1
ankle,4,0,4
ankles,2,1,3
ann,1,0,1
anna,0,2,2
annas,1,0,1
anne,1,6,7
annex,1,0,1
annie,1,1,2
anniversary,1,5,6
annnd,0,1,1
announce,1,0,1
announced,2,1,3
announcement,0,2,2
announcements,0,1,1
annoy,0,1,1
annoyed,5,0,5
annoying,9,6,15
annoyingly,1,0,1
anny,1,0,1
anonymous,0,1,1
anotha,0,1,1
anothe,1,0,1
another,61,56,117
anouk,0,1,1
anounced,1,0,1
ans,0,2,2
ansa,1,0,1
answer,8,12,20
answered,1,1,2
answering,1,1,2
answers,0,2,2
ant,1,0,1
antartica,0,1,1
anthony,0,1,1
anti,3,2,5
antibiotics,1,0,1
antisocial,1,0,1
antonio,2,0,2
anwering,0,1,1
anxiety,2,1,3
anxious,2,1,3
any,63,47,110
anybody,3,4,7
anyhow,1,1,2
anymore,30,5,35
anyone,21,26,47
anyoneeeee,1,0,1
anyplace,0,1,1
anythin,1,0,1
anything,33,18,51
anytime,2,3,5
anywat,0,1,1
anyway,10,17,27
anyways,2,4,6
anywaysss,0,1,1
anywhere,6,0,6
aol,0,1,1
aout,1,0,1
ap,1,1,2
apace,0,1,1
apache,0,2,2
apapachitos,1,0,1
aparently,1,2,3
apart,2,10,12
apartment,4,5,9
apettite,1,0,1
apfel,0,1,1
api,1,1,2
apologies,3,0,3
apologize,2,1,3
apologized,0,1,1
aporto,0,1,1
app,6,7,13
appalachaintrail,1,0,1
appalachian,1,0,1
apparent,1,0,1
apparently,19,5,24
appear,0,1,1
appearance,0,1,1
appearently,1,0,1
appearing,1,0,1
appears,2,1,3
appetite,1,0,1
appetizing,0,1,1
apple,7,4,11
applebee,1,0,1
apples,0,2,2
applesauce,1,0,1
applicants,0,1,1
application,1,3,4
applications,0,1,1
applied,1,0,1
applies,1,0,1
apply,2,1,3
applying,2,1,3
appointment,4,3,7
apprciated,0,1,1
apprecaite,0,1,1
appreciate,0,10,10
appreciated,0,2,2
appreciates,0,2,2
appreciating,0,1,1
apprentice,0,1,1
approaching,1,0,1
appropriate,0,1,1
approval,0,1,1
approved,0,2,2
approx,0,1,1
apps,1,6,7
appt,1,0,1
april,1,5,6
apt,3,1,4
aptana,0,1,1
aquarium,1,0,1
aqui,0,1,1
ar,0,1,1
arab,2,0,2
archuleta,0,1,1
arctic,0,1,1
are,209,285,494
area,5,5,10
aren,14,6,20
arena,1,0,1
arent,3,1,4
argh,3,1,4
arghhhh,1,0,1
argos,1,0,1
argue,0,1,1
argued,1,1,2
argueing,1,0,1
argument,2,0,2
arguments,0,1,1
arh,1,0,1
ari,0,1,1
aries,0,1,1
ariii,0,1,1
aritzia,1,0,1
arizona,1,1,2
ark,1,0,1
arm,5,0,5
armada,0,1,1
armed,2,0,2
armin,0,1,1
arms,2,2,4
army,2,1,3
arne,1,0,1
around,28,31,59
aroundd,1,0,1
arp,0,1,1
arrange,0,1,1
arreeyy,0,1,1
arrested,1,0,1
arrgh,1,0,1
arrivals,0,1,1
arrive,2,3,5
arrived,3,7,10
arrives,0,1,1
arrows,0,1,1
arse,1,1,2
arses,0,1,1
art,2,4,6
artfire,1,0,1
article,7,5,12
articles,0,1,1
artist,1,2,3
artistic,0,3,3
artistically,1,0,1
artwork,0,1,1
as,101,160,261
asap,2,4,6
asda,1,0,1
ash,0,1,1
ashh,1,0,1
ashies,0,1,1
ashleysays,1,0,1
ashton,0,1,1
asia,2,0,2
asiago,1,0,1
aside,3,0,3
ask,9,14,23
askars,1,0,1
askboutme,1,0,1
asked,4,6,10
asking,3,9,12
asks,3,0,3
asleeep,2,0,2
asleep,12,12,24
asmodians,1,0,1
asp,0,2,2
aspect,0,1,1
aspirations,0,1,1
aspire,1,0,1
aspired,1,0,1
ass,12,12,24
assault,1,0,1
assembly,1,0,1
asses,0,1,1
assessments,0,1,1
asshattery,0,1,1
assignment,1,1,2
assist,1,1,2
assistant,1,0,1
asssss,0,1,1
asst,0,2,2
assume,1,0,1
assured,0,1,1
assyness,1,0,1
astro,0,1,1
asu,1,0,1
aswell,3,1,4
at,408,304,712
ate,8,6,14
athens,0,1,1
ativan,0,1,1
atl,4,0,4
atlanta,3,1,4
atlantic,1,0,1
atleast,2,3,5
atm,4,1,5
atmosphere,1,2,3
atr,0,1,1
attached,1,0,1
attachments,1,0,1
attack,3,0,3
attacked,2,1,3
attackers,0,1,1
attempt,3,1,4
attempting,0,1,1
attempts,1,0,1
attend,0,1,1
attendance,0,1,1
attendent,1,0,1
attending,0,2,2
attention,4,5,9
attitude,2,1,3
attn,1,0,1
attraction,0,1,1
attractive,1,2,3
atwood,0,1,1
au,1,1,2
aubrey,1,1,2
auction,1,1,2
auctionrebel,1,0,1
audience,0,1,1
audio,2,3,5
audited,1,1,2
audition,3,1,4
auditions,0,1,1
audrey,1,2,3
audrina,0,1,1
auf,0,2,2
augh,1,0,1
august,5,2,7
augusto,1,0,1
aunt,4,1,5
auntie,0,1,1
aur,1,0,1
aus,1,4,5
ausserdem,1,0,1
aussie,0,2,2
aussies,0,1,1
austin,4,2,6
australia,2,3,5
australian,0,1,1
austria,1,0,1
austrian,0,2,2
authentic,2,0,2
authorities,1,0,1
auto,2,3,5
autobot,1,0,1
autograph,1,0,1
automated,0,1,1
automatically,1,1,2
automation,0,1,1
autumnal,0,1,1
auxillo,1,0,1
ava,0,1,1
avaible,1,0,1
avail,1,0,1
available,9,4,13
avalon,0,1,1
avatar,0,9,9
avatars,0,1,1
avenue,1,1,2
average,1,3,4
avi,1,0,1
avin,1,0,1
avion,0,3,3
avocardo,0,1,1
avoid,3,0,3
avoiding,3,0,3
avvie,0,1,1
aw,24,8,32
awake,7,18,25
awakened,1,0,1
awakenings,1,0,1
award,0,1,1
awards,2,3,5
aware,1,1,2
awareness,0,1,1
away,116,22,138
awe,2,2,4
aweosme,0,1,1
awesome,18,74,92
awesomee,0,1,1
awesomely,0,1,1
awesomeness,0,2,2
awesomesauce,0,1,1
awful,14,1,15
awfully,1,0,1
awh,4,0,4
awhile,4,2,6
awhing,0,1,1
awhogetsimpregnatedbyevilcult,1,0,1
awkward,1,0,1
awman,1,0,1
awsome,0,2,2
aww,42,14,56
awwh,0,1,1
awww,23,15,38
awwwh,1,0,1
awwwl,1,0,1
awwww,9,2,11
awwwww,5,2,7
awwwwwh,1,0,1
awwwwwwwww,1,0,1
awwwwwwwwwwwwwwwh,1,0,1
axe,0,1,1
axel,0,1,1
axn,1,0,1
ay,1,0,1
aye,1,2,3
ayo,1,0,1
ayyye,1,0,1
az,1,0,1
ba,2,2,4
baaaaack,0,1,1
baaaaad,1,0,1
baaack,0,1,1
baawwnggggg,0,1,1
babae,0,1,1
babble,0,1,1
babe,3,5,8
babes,1,1,2
babies,0,4,4
babiiesss,0,1,1
babiii,1,0,1
babs,0,1,1
baby,32,32,64
babycakes,0,1,1
babyfeet,1,0,1
babygirl,1,0,1
babyknightowl,0,1,1
babylon,1,0,1
babysat,1,0,1
babysit,1,0,1
babysitting,3,0,3
bac,1,1,2
back,178,131,309
background,4,7,11
backing,1,1,2
backpack,1,0,1
backpacking,0,1,1
backs,0,1,1
backstreet,2,0,2
backup,1,3,4
backups,1,1,2
backwards,1,0,1
backyard,1,0,1
bacn,0,1,1
bacon,2,4,6
baconator,1,0,1
bacteria,1,0,1
bacterial,1,0,1
bad,117,46,163
badass,1,1,2
badd,1,0,1
badddd,1,0,1
badges,0,1,1
badly,7,0,7
badminton,1,0,1
badu,0,1,1
bag,5,6,11
bagay,0,1,1
bagel,2,0,2
bagelled,1,0,1
baghhh,1,0,1
bagle,1,0,1
bags,1,2,3
bagsak,1,0,1
bah,6,1,7
baha,0,1,1
bahamas,1,0,1
bailey,1,0,1
baited,0,1,1
baja,1,0,1
bak,4,1,5
bake,1,3,4
baked,1,2,3
bakee,0,1,1
baker,1,1,2
bakeries,0,1,1
bakery,0,1,1
baking,1,4,5
bakula,0,1,1
bal,0,1,1
bala,0,1,1
balance,0,1,1
balcony,1,2,3
bales,1,0,1
balik,0,1,1
ball,3,4,7
balls,2,2,4
baltacha,1,0,1
bam,0,2,2
bamboo,1,0,1
ban,0,1,1
banana,2,4,6
bananas,1,1,2
band,3,10,13
bandage,1,0,1
bandaid,1,0,1
bands,2,1,3
bandung,1,0,1
bandwagon,0,1,1
bandwidth,1,0,1
bangalore,1,0,1
banged,1,0,1
banggggg,0,1,1
banging,1,0,1
bangs,1,0,1
banj,1,0,1
banjo,1,0,1
bank,7,5,12
banking,0,2,2
banned,2,2,4
banner,0,2,2
banos,0,1,1
bansal,0,1,1
baphomet,1,0,1
bar,4,9,13
barbara,2,0,2
barbecue,0,2,2
barber,0,1,1
barcelona,1,1,2
barcode,0,1,1
bare,1,0,1
barefoot,0,2,2
barely,8,1,9
bargaining,0,1,1
bargains,0,1,1
barista,1,0,1
bark,0,1,1
barking,0,1,1
barrie,2,0,2
barrymore,1,0,1
bars,2,1,3
bart,0,1,1
bartledoo,1,0,1
baru,0,1,1
base,1,1,2
baseball,1,4,5
based,2,4,6
basement,1,0,1
bash,0,1,1
bashing,1,0,1
basic,3,5,8
basically,1,0,1
basij,1,0,1
basis,0,1,1
basketball,2,0,2
bass,4,1,5
bastard,1,0,1
bastards,1,0,1
bastian,1,0,1
bat,1,0,1
bata,0,1,1
bataan,1,0,1
batch,1,2,3
bath,2,4,6
bathing,2,0,2
bathroom,1,3,4
baths,0,1,1
bathtub,0,1,1
batt,1,0,1
batter,1,1,2
battery,2,1,3
batting,0,1,1
battle,23,2,25
battled,1,0,1
battlefield,0,1,1
battling,1,0,1
batts,1,0,1
baumarkt,0,2,2
bawling,1,0,1
bay,1,3,4
bazaar,0,2,2
bazbiz,0,1,1
bb,4,2,6
bbbboooorrrriiinnnggg,1,0,1
bbc,3,2,5
bbm,1,0,1
bbq,1,1,2
bbs,1,0,1
bby,1,1,2
bbyboyyyy,0,1,1
bbz,1,0,1
bc,9,2,11
bcoz,1,0,1
bcum,1,0,1
bcuz,1,0,1
bd,1,1,2
bday,7,7,14
be,360,340,700
bea,1,0,1
beach,23,13,36
beachbar,0,1,1
beacon,0,1,1
beads,1,0,1
beagle,1,0,1
bean,0,1,1
beanie,0,1,1
beans,0,2,2
bear,1,2,3
beard,1,0,1
bears,0,2,2
beast,0,1,1
beat,5,8,13
beaten,0,1,1
beatles,0,1,1
beats,0,2,2
beauties,1,0,1
beautiful,34,26,60
beautifull,1,0,1
beauty,2,1,3
beautygirls,0,1,1
beaver,0,1,1
bebes,0,1,1
bebo,0,1,1
bebop,1,0,1
bec,1,0,1
became,0,4,4
because,53,38,91
becca,0,1,1
bech,0,1,1
becher,1,0,1
beckett,0,1,1
beckinsale,0,1,1
becky,1,0,1
become,4,6,10
becomin,1,0,1
becoming,1,2,3
becuase,0,1,1
becuz,0,1,1
bed,31,102,133
bedbound,1,0,1
bedbugs,0,1,1
bedrest,1,0,1
bedroom,3,2,5
beds,0,1,1
bedtime,0,6,6
beeb,0,1,1
beeeeeeeyatch,0,1,1
beef,0,1,1
beejive,1,0,1
been,131,79,210
beer,5,11,16
beers,0,1,1
bees,0,1,1
beets,0,1,1
beezie,1,0,1
before,44,41,85
beforehand,0,1,1
began,0,1,1
begginers,0,1,1
begging,1,1,2
begin,3,4,7
beginning,6,4,10
begins,1,1,2
begun,1,1,2
behave,1,1,2
behaved,0,2,2
behaves,0,1,1
behind,7,3,10
bei,0,1,1
beiing,0,1,1
beijing,0,1,1
bein,1,0,1
being,51,40,91
bekuz,1,0,1
beleive,0,1,1
belfast,0,2,2
belgium,0,1,1
beliave,1,0,1
belief,1,1,2
believe,33,23,56
believed,2,0,2
believes,0,1,1
belize,1,0,1
bell,0,1,1
bella,3,0,3
bellaitalia,1,0,1
bellatoscana,1,0,1
belle,0,2,2
bellevue,1,0,1
bells,1,2,3
belly,2,0,2
belong,3,1,4
belongs,0,1,1
beloved,13,1,14
below,4,0,4
belt,3,2,5
belted,0,1,1
belum,0,1,1
belzcy,0,1,1
ben,2,1,3
bench,0,1,1
bend,3,2,5
benefits,1,0,1
benjamin,0,1,1
benson,1,0,1
benton,1,0,1
benwell,1,0,1
bergens,0,1,1
berkeley,1,0,1
berlin,0,5,5
bernanke,1,0,1
berner,0,1,1
berocca,0,2,2
berry,4,0,4
beside,2,0,2
besides,3,3,6
best,24,78,102
besterz,0,1,1
besterzz,0,2,2
bestftiend,0,1,1
bestie,4,3,7
besties,0,3,3
bet,6,14,20
beta,6,5,11
beter,0,1,1
beth,0,1,1
betrayed,1,0,1
bets,0,1,1
better,61,75,136
bettwen,0,1,1
betty,2,2,4
bettys,1,0,1
between,6,2,8
beuatiful,0,1,1
beyonce,0,4,4
beyond,5,2,7
bf,5,3,8
bfd,1,0,1
bff,1,1,2
bffe,1,0,1
bffl,0,2,2
bffs,0,1,1
bfs,1,0,1
bfst,1,0,1
bgluxurybandb,0,1,1
bgo,0,1,1
bgt,0,1,1
bhaha,0,1,1
bhi,1,1,2
bhs,0,1,1
bhutta,1,0,1
bi,0,1,1
bia,1,0,1
bias,0,1,1
bible,0,1,1
bid,2,0,2
bifflesss,1,0,1
big,39,53,92
biggar,1,0,1
bigger,3,0,3
biggest,1,2,3
bih,1,0,1
bijebus,0,1,1
bike,10,5,15
biker,0,1,1
bikes,0,1,1
bikini,0,1,1
bilingual,0,1,1
bilirubin,0,1,1
bill,9,3,12
billa,1,0,1
billabong,0,1,1
billie,0,1,1
billion,0,1,1
bills,2,1,3
billy,2,1,3
biltmore,0,1,1
bin,1,0,1
binding,1,0,1
bingo,1,0,1
bio,1,2,3
biology,1,2,3
bird,1,1,2
birdie,1,0,1
birds,3,2,5
birhtday,0,1,1
birmingham,1,0,1
birth,0,1,1
birthdaaaay,0,1,1
birthday,13,40,53
birthnight,0,1,1
bis,0,1,1
biscuits,1,2,3
bisexuality,0,1,1
bishop,0,1,1
bit,25,29,54
bitch,4,2,6
bitches,1,0,1
bitchin,1,0,1
bitchy,1,0,1
bite,2,2,4
bited,1,0,1
bites,2,1,3
bits,1,1,2
bitter,1,1,2
bix,0,1,1
biz,3,3,6
bizarre,0,1,1
bizarro,0,1,1
bj,1,0,1
bkethan,1,0,1
bla,1,0,1
blaaaaarg,1,0,1
blaaaah,1,0,1
blaaah,1,0,1
blache,1,0,1
black,12,9,21
blackberries,1,0,1
blackberry,5,9,14
blackberrys,1,0,1
blackout,1,0,1
blackpool,0,1,1
blacks,1,1,2
blah,3,2,5
blahh,1,1,2
blahhh,1,0,1
blahhhh,1,0,1
blairs,1,0,1
blakes,1,0,1
blame,2,5,7
blamed,0,1,1
blaming,1,0,1
blank,1,1,2
blankey,0,1,1
blankie,1,0,1
blanky,0,1,1
blast,1,1,2
blasting,0,2,2
blazing,0,1,1
bleached,1,0,1
bleaching,0,1,1
bleed,1,0,1
bleeder,1,0,1
bleeding,2,1,3
bleh,2,0,2
blehh,1,0,1
blend,1,1,2
blended,0,1,1
blender,1,0,1
blergh,1,0,1
bless,11,5,16
blessed,0,8,8
blessing,0,2,2
blessings,1,1,2
bletchley,0,1,1
bleurgh,1,0,1
blew,1,0,1
blib,0,3,3
blind,1,0,1
blindsighted,1,0,1
blink,2,4,6
blip,1,3,4
bliss,0,1,1
blissful,1,0,1
blistered,1,0,1
blisters,0,1,1
blizge,1,0,1
blizzard,1,0,1
blk,1,0,1
blo,1,0,1
bloated,1,0,1
bloc,1,0,1
block,2,1,3
blocked,3,0,3
blocking,1,0,1
blockles,0,1,1
blockout,1,0,1
blocks,0,1,1
blog,8,41,49
blogalicious,1,0,1
blogg,0,1,1
blogged,0,1,1
blogger,1,0,1
bloggers,0,1,1
blogging,0,1,1
blogher,1,0,1
blogs,1,2,3
blogspot,0,3,3
blonde,3,1,4
blondes,1,0,1
blood,9,1,10
bloodletting,0,1,1
bloodsucking,0,1,1
bloody,10,2,12
blossoms,0,1,1
blow,0,1,1
blowing,0,2,2
blowjob,0,2,2
blows,1,1,2
bloxxx,0,1,1
bludget,0,1,1
blue,9,6,15
bluelillys,0,1,1
blueprints,0,1,1
blues,1,0,1
bluff,0,1,1
blum,0,1,1
blunt,0,1,1
blur,2,1,3
blurb,0,1,1
blurry,0,1,1
blush,0,1,1
blushes,0,1,1
blustery,1,0,1
bm,1,1,2
bn,1,1,2
bni,0,1,1
bno,1,0,1
bo,0,3,3
boal,1,0,1
board,4,2,6
boarding,1,0,1
boards,1,0,1
boat,2,2,4
boater,1,0,1
bob,4,2,6
boba,1,0,1
bobo,0,1,1
bock,0,1,1
bode,2,0,2
bodies,0,1,1
body,8,7,15
bog,1,0,1
bohdi,0,1,1
boheme,0,1,1
boilin,1,0,1
boiz,0,1,1
bold,1,2,3
boleh,0,1,1
bom,2,1,3
bomb,2,0,2
bombarding,0,1,1
bombed,1,0,1
bomber,0,1,1
bombers,0,1,1
bombshell,1,0,1
bombshizzznizle,1,0,1
bon,0,1,1
bonding,1,1,2
bone,0,2,2
bones,0,1,1
bonjour,0,4,4
bonkers,1,0,1
bonnybridge,0,1,1
bonus,3,4,7
boo,24,4,28
boofs,1,0,1
booger,2,0,2
boogie,0,2,2
book,13,21,34
bookclub,0,1,1
booked,1,2,3
booking,1,2,3
bookings,0,1,1
bookmarks,1,0,1
bookpushers,1,0,1
books,4,12,16
bookshelves,0,1,1
boom,1,3,4
boon,1,0,1
booo,4,2,6
boooo,6,0,6
booooo,2,0,2
boooooo,1,1,2
booooooo,1,0,1
booooys,1,0,1
boost,0,1,1
booster,1,0,1
boot,1,2,3
bootcamp,1,0,1
booted,1,0,1
booth,0,1,1
booths,0,1,1
booting,0,1,1
boots,2,0,2
booze,0,1,1
borat,1,0,1
bord,1,0,1
bordam,1,0,1
border,0,1,1
borders,1,1,2
bored,34,14,48
boredd,1,1,2
boredddd,1,0,1
boredom,2,0,2
boredum,0,1,1
boring,16,12,28
born,2,2,4
borring,1,0,1
borrowed,1,0,1
borscht,0,1,1
boss,8,4,12
bosses,0,1,1
boston,1,1,2
bot,1,1,2
botb,0,1,1
both,16,17,33
bothell,0,1,1
bother,1,1,2
bothered,2,4,6
bothering,0,1,1
bothersome,1,0,1
bothwell,1,0,1
bots,2,0,2
bottle,6,4,10
bottles,1,3,4
bottom,3,0,3
bottoms,0,1,1
bought,8,16,24
boulot,1,0,1
bounce,1,1,2
bounced,1,0,1
bouncer,0,1,1
bounces,1,0,1
bound,1,2,3
boundaries,0,1,1
bout,9,11,20
boutique,1,0,1
boutr,0,1,1
bouts,1,0,1
boutta,1,0,1
bovvered,0,1,1
bow,3,1,4
bowen,0,1,1
bowie,0,2,2
bowl,3,1,4
bowling,0,2,2
bowls,1,1,2
bowser,0,1,1
box,7,7,14
boxers,2,0,2
boxes,1,2,3
boy,7,18,25
boyfrieeennd,0,1,1
boyfriend,10,7,17
boys,5,9,14
bpark,0,1,1
bpfurniture,1,0,1
bqe,1,0,1
bra,2,2,4
brace,1,0,1
bracelet,1,1,2
braces,3,0,3
bracknell,1,0,1
brad,3,1,4
bradie,0,1,1
brady,1,0,1
brag,1,0,1
braids,2,0,2
braille,0,1,1
brain,4,9,13
brainiac,0,1,1
brains,1,0,1
brainstorm,0,1,1
brand,1,5,6
branded,0,1,1
branding,0,1,1
brandminus,1,0,1
brandon,1,0,1
brandy,1,1,2
brandz,0,1,1
brap,0,3,3
brate,1,0,1
braunstein,0,1,1
brave,4,1,5
bravest,1,0,1
braxe,0,1,1
brazil,3,0,3
brb,0,2,2
bre,0,2,2
bread,1,1,2
break,19,17,36
breakage,1,0,1
breakfast,4,14,18
breakfasts,0,1,1
breaking,8,1,9
breakroom,1,0,1
breaks,6,1,7
breast,1,0,1
breath,1,1,2
breathalyzer,0,1,1
breathe,1,1,2
breathing,0,1,1
breaths,1,0,1
breed,0,1,1
breezy,1,1,2
bren,1,0,1
brenton,0,1,1
brereton,0,1,1
brewer,0,1,1
brewrat,1,0,1
brian,1,0,1
briana,1,0,1
bribe,1,1,2
bribery,0,1,1
brick,0,3,3
bride,0,1,1
bridge,4,1,5
brief,1,0,1
bright,3,7,10
brighten,0,1,1
brighter,1,1,2
brighton,1,1,2
brill,0,2,2
brilliance,0,1,1
brilliant,1,5,6
bring,11,20,31
brings,1,0,1
brinjal,1,0,1
brink,0,1,1
brisbane,0,1,1
brissa,0,1,1
bristol,1,0,1
british,1,1,2
britney,1,4,5
brits,0,1,1
brittany,2,0,2
brittbut,0,1,1
bro,3,12,15
broad,0,1,1
broadband,0,1,1
broadbands,0,1,1
broadcast,0,3,3
broadway,1,2,3
brock,0,1,1
broderick,0,1,1
brody,1,1,2
broke,21,6,27
brokedown,1,0,1
broken,31,5,36
brokeness,1,0,1
broker,0,1,1
brokn,1,0,1
brolly,0,1,1
bromances,0,1,1
bronchitis,1,0,1
brooke,1,0,1
brookes,0,1,1
brorsan,0,1,1
brother,7,4,11
brothers,2,1,3
brought,3,0,3
brown,1,6,7
brownie,2,1,3
brownies,2,0,2
browns,0,1,1
browse,1,0,1
browser,1,3,4
browsers,1,0,1
browsing,0,1,1
brr,0,1,1
brrr,0,1,1
brrrr,1,1,2
bruce,1,0,1
bruises,1,0,1
brum,1,0,1
brummies,0,1,1
bruno,1,0,1
brush,3,1,4
brussels,1,1,2
brutha,0,1,1
bruv,1,1,2
bruvaz,1,0,1
brydon,0,1,1
bryon,0,1,1
bryony,1,0,1
bs,0,1,1
bt,5,0,5
btb,0,1,1
btr,1,0,1
btw,7,21,28
bu,1,0,1
buaaaaa,1,0,1
bubba,1,1,2
bubble,1,3,4
bubbles,1,1,2
bubblewrap,1,0,1
bubbly,0,1,1
bucked,1,0,1
bucket,0,2,2
bud,2,1,3
buddha,0,1,1
buddies,2,3,5
buddy,8,6,14
budget,3,4,7
bueller,1,0,1
buenas,0,1,1
bueno,1,0,1
buenos,0,1,1
buffer,1,0,1
buffet,2,1,3
buffett,1,0,1
buffy,0,2,2
bug,3,3,6
bugatti,1,0,1
bugged,1,0,1
bugger,1,0,1
bugging,2,1,3
buggy,1,2,3
bugle,1,0,1
bugmum,0,1,1
bugs,6,1,7
buhok,0,1,1
buildabear,1,0,1
buildin,1,0,1
building,2,5,7
buildings,1,0,1
built,2,2,4
bulbs,1,0,1
bulging,1,0,1
bulgogi,1,0,1
bulimia,1,0,1
bulky,1,0,1
bull,0,2,2
bullcraps,1,0,1
bulldozed,1,0,1
bulletin,2,0,2
bullets,0,2,2
bullied,1,0,1
bulls,0,1,1
bullshit,3,0,3
bullshittery,0,1,1
bully,0,1,1
bullying,1,0,1
bum,4,0,4
bumblebee,1,0,1
bumblebeeee,1,0,1
bummed,12,1,13
bummer,12,0,12
bump,1,0,1
bumped,1,0,1
bumper,1,1,2
bumptop,0,2,2
bun,1,1,2
bunch,3,1,4
bunches,1,0,1
bundle,0,4,4
bunnies,0,1,1
bunny,3,2,5
bunnys,0,1,1
buns,1,3,4
burger,2,1,3
burgundy,0,1,1
buried,1,0,1
burkhardt,1,0,1
burlingame,0,1,1
burma,1,0,1
burn,6,3,9
burned,2,1,3
burning,5,0,5
burns,1,0,1
burnt,19,2,21
burrito,2,0,2
burritos,0,1,1
burst,0,1,1
bursts,0,1,1
burswood,0,1,1
burying,1,0,1
bus,6,4,10
buscemi,0,4,4
bused,0,1,1
buses,1,0,1
bush,0,5,5
bushel,0,1,1
busier,1,0,1
business,10,12,22
bussing,1,0,1
bust,1,0,1
busted,0,1,1
busting,0,1,1
busy,20,18,38
but,507,349,856
butch,2,0,2
butcher,0,2,2
butler,0,2,2
butt,4,1,5
butter,1,2,3
buttered,0,1,1
butterfinger,1,0,1
butterfly,2,1,3
butterflys,1,0,1
butting,0,1,1
button,3,5,8
buttons,0,1,1
buttonwood,1,0,1
buttt,1,0,1
butuh,1,0,1
buuren,0,1,1
buy,20,29,49
buying,5,2,7
buzz,1,0,1
buzzed,1,0,1
buzzing,0,1,1
buzzzzzzzzzzzzzz,1,0,1
bwoi,0,1,1
bxl,0,1,1
by,78,69,147
bye,13,10,23
byebye,1,0,1
byee,0,2,2
bypass,1,0,1
ca,3,2,5
caaannntt,1,0,1
cab,2,1,3
cabana,1,0,1
cabin,1,0,1
cabinet,1,0,1
cable,5,1,6
cables,1,0,1
cabrera,1,0,1
caca,0,1,1
cad,1,0,1
caf,0,1,1
cafe,0,4,4
cafeteria,1,1,2
caff,0,1,1
caffeinated,0,1,1
caffeine,0,2,2
cagas,1,0,1
cagcast,0,1,1
cage,0,1,1
caitlin,1,0,1
cake,5,9,14
cakes,1,1,2
cal,0,1,1
calendar,1,0,1
calender,1,0,1
calgary,0,2,2
calgel,1,0,1
cali,3,3,6
california,5,4,9
call,25,26,51
called,14,16,30
callin,0,1,1
calling,4,1,5
calll,1,0,1
calls,9,5,14
calm,0,3,3
calmed,0,1,1
calming,0,1,1
calories,0,1,1
cals,0,1,1
calves,1,0,1
calvin,1,0,1
calvins,0,1,1
calvy,1,0,1
cam,1,1,2
cambs,0,1,1
came,17,13,30
camera,10,1,11
cameron,1,0,1
camilla,0,1,1
camp,7,1,8
campaign,1,0,1
campaigning,1,0,1
campaigns,0,1,1
camping,0,1,1
camps,1,0,1
campus,3,0,3
can,279,297,576
canada,4,4,8
canadian,2,2,4
canal,1,0,1
canary,0,1,1
cancel,6,0,6
cancelaram,1,0,1
canceled,7,0,7
cancellation,1,0,1
cancelled,10,0,10
cancer,74,0,74
cancun,2,0,2
candid,1,0,1
candidate,1,0,1
candles,0,1,1
candy,3,1,4
canned,1,0,1
canning,0,1,1
cannon,1,0,1
cannot,15,6,21
canon,1,1,2
canr,1,0,1
cans,1,0,1
cant,68,27,95
cantabile,0,1,1
canteen,0,2,2
cantonese,0,1,1
canucks,0,1,1
canvas,1,0,1
canvases,0,1,1
cao,0,1,1
capcom,1,0,1
capital,0,1,1
capones,0,1,1
cappuccino,1,0,1
cappuchino,0,1,1
caps,1,1,2
captain,1,1,2
captivity,1,0,1
capture,0,1,1
captured,1,0,1
car,46,16,62
caramel,2,1,3
caravan,0,1,1
carb,1,0,1
carboni,1,0,1
carbs,1,0,1
card,10,7,17
cardboard,1,0,1
cardi,1,0,1
cardiff,1,2,3
cardio,1,0,1
cards,3,3,6
care,17,15,32
career,0,1,1
careful,3,1,4
carefull,0,1,1
cares,2,1,3
caress,1,0,1
caring,0,1,1
carl,1,0,1
carli,0,1,1
carlos,0,1,1
carlton,0,1,1
carly,1,0,1
carn,1,0,1
carnival,1,1,2
caro,2,0,2
carolina,1,0,1
carolines,2,0,2
carpel,1,0,1
carpet,0,2,2
carpooling,0,1,1
carradine,3,0,3
carribean,1,0,1
carrie,0,1,1
carrot,0,1,1
carry,0,1,1
carrying,1,1,2
cars,2,6,8
carter,0,5,5
cartoon,0,1,1
cartoons,0,2,2
casablanca,0,1,1
casbah,1,0,1
case,0,6,6
cases,1,1,2
cash,2,3,5
cashless,1,0,1
casino,0,1,1
cask,0,1,1
casserole,0,1,1
cassette,0,1,1
cast,5,2,7
casting,0,1,1
castle,0,2,2
casual,0,2,2
cat,14,8,22
catalog,2,2,4
catalogue,0,1,1
catan,1,0,1
catastrophic,1,0,1
catch,3,9,12
catches,1,0,1
catching,3,9,12
catchy,0,1,1
catchya,0,1,1
cathedral,0,1,1
catie,1,0,1
cats,2,2,4
catskills,1,0,1
catstropy,1,0,1
catterick,0,1,1
cattle,2,1,3
caught,5,5,10
cause,22,14,36
caused,1,1,2
causes,0,1,1
causing,2,2,4
causr,1,0,1
cava,0,1,1
cave,2,2,4
caviste,0,1,1
cavs,4,0,4
cba,1,0,1
cbf,0,1,1
cbn,0,1,1
cc,1,0,1
cca,1,0,1
ccc,0,1,1
ccpt,1,0,1
ccsf,0,1,1
cd,3,8,11
ce,2,1,3
ced,0,1,1
ceebs,0,1,1
cel,0,1,1
celeb,3,1,4
celeberities,1,0,1
celebrate,1,3,4
celebrated,1,1,2
celebrating,0,3,3
celebrities,2,4,6
celebrity,1,0,1
celebs,1,2,3
celery,1,0,1
celiaelise,1,0,1
cell,3,3,6
cello,0,1,1
cellphone,1,0,1
cellphones,1,0,1
cells,1,0,1
cellular,1,0,1
cellulite,0,1,1
celly,1,0,1
celtics,1,0,1
cemetary,1,0,1
census,0,1,1
center,4,2,6
centered,0,1,1
central,3,0,3
centre,1,3,4
centrelink,0,1,1
centres,1,0,1
cept,1,1,2
cereal,2,2,4
cereallllllll,0,1,1
ceremonies,1,0,1
ceremony,1,0,1
cerritos,1,0,1
certain,1,3,4
certainly,3,8,11
cerveza,1,0,1
cesar,1,0,1
cet,1,0,1
ch,4,1,5
chad,1,0,1
chai,0,2,2
chained,1,0,1
chair,4,3,7
chairs,1,0,1
chakra,0,1,1
challenge,3,7,10
challenging,0,1,1
challens,0,1,1
chamber,1,0,1
chambers,0,1,1
chamisul,0,1,1
champ,0,3,3
champagne,0,1,1
champions,0,2,2
championship,2,2,4
champs,0,2,2
chan,0,1,1
chance,10,3,13
chances,0,1,1
chanel,0,1,1
change,15,12,27
changed,10,5,15
changes,3,3,6
changin,1,0,1
changing,2,4,6
channel,5,5,10
channels,3,0,3
chaos,0,1,1
chapel,0,3,3
chaplin,0,1,1
chapped,2,0,2
chaps,1,0,1
chapstick,2,2,4
chapter,3,1,4
chapters,1,1,2
character,1,3,4
characters,1,5,6
charades,1,0,1
charge,1,2,3
charger,2,0,2
chargin,1,0,1
charging,1,0,1
charismatic,0,1,1
charity,0,1,1
charlee,1,0,1
charles,1,1,2
charleys,1,0,1
charlie,35,2,37
charlies,4,0,4
charlotte,1,0,1
charlottenlund,1,0,1
charm,0,1,1
charming,0,2,2
charms,1,1,2
chart,0,2,2
charts,0,1,1
chase,0,1,1
chasing,0,1,1
chat,5,9,14
chateada,1,0,1
chatted,0,1,1
chattin,0,1,1
chatting,1,4,5
cheap,2,4,6
cheaper,1,1,2
cheapy,0,1,1
cheated,1,0,1
cheating,2,3,5
check,15,39,54
checked,5,2,7
checkin,1,1,2
checking,3,13,16
checkout,1,1,2
checks,1,0,1
cheeck,0,1,1
cheek,1,0,1
cheeks,0,1,1
cheeky,1,0,1
cheer,5,4,9
cheering,1,0,1
cheerios,1,0,1
cheers,4,23,27
cheese,4,7,11
cheesecake,2,1,3
cheesy,0,1,1
cheetos,1,0,1
cheez,0,1,1
chef,1,1,2
chekin,1,0,1
chelsea,0,3,3
chem,1,1,2
chemis,1,0,1
chemistry,1,0,1
chenna,1,0,1
chennai,0,1,1
cherish,0,1,1
cherrios,1,0,1
cherry,0,3,3
chese,0,1,1
chessington,0,1,1
chest,2,1,3
cheung,0,1,1
chevasia,1,0,1
chewed,1,0,1
chi,0,1,1
chicago,4,3,7
chichi,1,0,1
chick,1,1,2
chickeeeen,0,1,1
chicken,4,5,9
chickening,1,0,1
chickfila,1,0,1
chics,0,1,1
chidambaram,0,2,2
chief,0,1,1
chiefs,0,1,1
child,1,3,4
childhood,3,2,5
children,4,5,9
chile,1,0,1
chill,3,4,7
chilled,0,1,1
chilli,0,1,1
chillin,1,3,4
chilling,3,3,6
chills,0,2,2
chilly,1,2,3
china,0,5,5
chinese,1,4,5
chip,1,2,3
chipil,1,0,1
chipmunk,1,0,1
chipotle,1,0,1
chipped,3,0,3
chipper,0,1,1
chips,4,3,7
chiquitita,0,1,1
chiro,0,1,1
chiropractor,1,0,1
chirp,0,1,1
chirpy,0,1,1
chitate,1,0,1
chivalrous,0,1,1
chk,0,1,1
cho,1,1,2
chocolate,2,19,21
chocolates,0,1,1
choice,1,4,5
choices,1,1,2
chomp,1,0,1
chomped,0,1,1
choose,2,0,2
chop,0,1,1
chopped,0,1,1
chopsticks,0,1,1
chores,0,1,1
chorus,0,3,3
chose,0,1,1
chowmein,0,1,1
chriiiiiiiiiiiist,0,1,1
chris,3,8,11
chrisb,0,1,1
chrisfm,1,0,1
christ,1,0,1
christi,2,0,2
christina,1,0,1
christmas,2,1,3
chrome,1,1,2
chronicles,0,1,1
chrono,1,0,1
chu,1,0,1
chua,0,1,1
chubbx,0,1,1
chuck,3,6,9
chuckle,0,1,1
chucklin,0,1,1
chuffed,0,1,1
chuffin,1,0,1
chug,0,1,1
chumby,0,1,1
chung,2,0,2
chunks,1,0,1
chur,0,2,2
church,4,3,7
churches,0,1,1
churning,1,0,1
churro,0,1,1
chute,0,1,1
chutney,0,2,2
ci,1,0,1
ciao,0,2,2
ciaox,1,0,1
cici,1,1,2
cider,2,0,2
cig,1,0,1
cigar,0,1,1
cigarettes,1,1,2
cigna,1,0,1
cincy,1,0,1
cinderella,0,3,3
cinema,3,2,5
cinematic,0,1,1
cinnamon,1,0,1
circle,0,2,2
circles,2,0,2
circulating,1,0,1
cirvical,1,0,1
citizen,1,0,1
citizens,1,0,1
citrus,0,1,1
city,8,13,21
cj,0,1,1
claim,1,1,2
claimed,1,0,1
claiming,3,0,3
clam,0,1,1
clandestine,1,0,1
clap,1,0,1
clarification,0,1,1
clarified,0,1,1
clarity,0,1,1
claritylive,0,1,1
clark,2,0,2
clarkson,0,3,3
clasp,0,1,1
class,24,17,41
classes,5,5,10
classic,2,5,7
classical,0,1,1
classics,0,1,1
classmate,1,0,1
classroom,1,1,2
classrooms,1,1,2
classs,0,1,1
classy,4,1,5
claudia,0,1,1
clay,1,0,1
cld,0,2,2
cle,1,1,2
cleague,0,1,1
clean,10,11,21
cleaned,0,1,1
cleaner,0,1,1
cleaners,1,0,1
cleanin,0,1,1
cleaning,6,4,10
cleanse,0,1,1
cleanup,1,0,1
clear,1,4,5
cleared,0,2,2
clearer,2,0,2
clearing,2,0,2
clearly,2,2,4
cleveland,6,2,8
clever,0,1,1
click,4,4,8
clicking,2,1,3
clicks,1,0,1
client,2,8,10
clients,0,3,3
cliff,2,0,2
clignotant,1,0,1
climax,0,1,1
climb,0,4,4
climbed,1,0,1
climbing,0,1,1
clinic,1,0,1
clintooooon,1,0,1
clip,1,1,2
clipped,1,0,1
clips,1,2,3
clock,1,2,3
clogging,1,0,1
clogs,1,0,1
close,17,7,24
closed,2,2,4
closely,0,1,1
closer,2,5,7
closes,1,0,1
closest,2,0,2
closet,1,1,2
closing,1,0,1
clothes,4,5,9
clothing,0,1,1
cloud,0,3,3
cloudforce,0,1,1
clouds,4,3,7
cloudy,3,1,4
clough,1,0,1
clt,0,2,2
club,6,7,13
clubbing,1,0,1
clubzone,0,1,1
clue,1,0,1
clued,0,1,1
clues,0,1,1
clutching,1,0,1
cm,1,1,2
cmputr,0,1,1
cmt,1,0,1
cna,1,0,1
cnbc,1,0,1
cncl,1,0,1
cnn,4,0,4
cnt,1,1,2
co,2,5,7
coach,1,2,3
coachella,0,1,1
coaching,0,2,2
coal,0,1,1
coast,3,5,8
coat,1,1,2
coats,0,1,1
cobra,3,0,3
cobraaaa,1,0,1
cobwebby,1,0,1
coby,1,0,1
coca,0,1,1
cock,0,2,2
cockles,0,1,1
cockroach,1,0,1
cocktailour,1,0,1
cod,0,1,1
code,3,6,9
codeine,1,0,1
coder,0,1,1
codes,1,0,1
coding,1,1,2
cody,0,1,1
coffee,21,31,52
coffeeeeeee,0,1,1
cofffeeeeee,1,0,1
coincidence,0,1,1
coinciding,1,0,1
coke,0,4,4
cokehead,1,0,1
cola,0,1,1
colada,0,1,1
colbert,1,0,1
cold,26,17,43
coldest,0,1,1
coldplay,0,1,1
colds,1,0,1
cole,0,1,1
coles,0,1,1
collages,0,1,1
collars,1,0,1
colleague,0,3,3
colleagues,3,0,3
collect,1,2,3
collection,0,3,3
college,12,2,14
collegeau,0,1,1
colliding,0,1,1
collingwood,1,0,1
colon,1,0,1
color,3,3,6
coloreds,0,1,1
coloring,0,1,1
colour,0,1,1
colours,1,2,3
column,0,1,1
columns,0,1,1
com,18,51,69
combination,2,0,2
combo,0,3,3
comcast,0,1,1
comcastic,0,1,1
come,71,71,142
comedian,0,1,1
comedies,0,1,1
comedown,0,1,1
comedy,1,2,3
comee,1,0,1
comeee,1,0,1
comen,0,1,1
comeon,0,1,1
comes,12,13,25
comfort,1,1,2
comfortable,2,0,2
comfortably,0,2,2
comfy,2,1,3
comics,0,1,1
comin,4,0,4
coming,31,34,65
comm,0,1,1
commandments,0,1,1
commands,1,0,1
comment,3,21,24
commentators,0,1,1
commenting,0,1,1
comments,2,2,4
commerce,1,1,2
commercial,2,3,5
commercials,1,1,2
commiseration,0,1,1
commiserations,0,1,1
commission,1,0,1
commitment,1,0,1
committment,0,1,1
common,1,7,8
commonwealth,1,0,1
communal,0,1,1
communicate,0,2,2
communication,1,1,2
communique,0,1,1
community,1,6,7
commute,1,0,1
comp,4,1,5
company,6,17,23
comparing,1,0,1
comparison,0,1,1
compatibility,1,0,1
compete,1,0,1
competentcy,1,0,1
competing,0,1,1
competition,1,2,3
complain,1,2,3
complained,0,1,1
complaining,0,2,2
complaint,2,1,3
complekated,1,0,1
complete,4,3,7
completed,1,2,3
completely,7,6,13
completley,0,1,1
complex,2,0,2
compliment,1,1,2
complimentary,0,1,1
comply,1,0,1
compng,1,0,1
component,0,1,1
compton,1,0,1
computadora,0,1,1
computer,17,12,29
computers,1,1,2
comtuper,0,1,1
concentrate,1,1,2
concentration,1,0,1
concept,0,2,2
conceptual,1,0,1
conceptualize,0,1,1
concern,0,1,1
concerned,1,3,4
concert,12,4,16
concerts,1,0,1
conchords,0,1,1
concious,1,0,1
conclusion,0,1,1
concrete,1,0,1
condition,1,0,1
conditions,2,0,2
condo,0,1,1
condolences,6,0,6
condoms,0,1,1
conetticuttt,0,1,1
confed,1,0,1
conference,5,6,11
confess,0,1,1
confession,0,1,1
confessions,0,2,2
confident,0,1,1
confirm,1,0,1
confirmed,1,1,2
confirms,2,0,2
confuse,0,1,1
confused,6,2,8
congrat,0,1,1
congrats,0,20,20
congratulate,0,1,1
congratulates,0,1,1
congratulation,0,1,1
congratulations,0,8,8
congregation,0,1,1
conn,1,0,1
connect,2,1,3
connected,1,2,3
connecting,0,2,2
connection,8,2,10
connections,0,1,1
connfessions,0,1,1
conosco,0,1,1
conquer,0,1,1
conquered,0,1,1
conquering,0,1,1
conroy,0,1,1
consciousness,1,0,1
consequences,1,1,2
consider,1,2,3
considered,1,1,2
considering,2,3,5
consist,2,0,2
consistently,0,1,1
console,0,1,1
conspiracy,0,1,1
constant,1,1,2
constantine,0,1,1
constantly,2,0,2
constitutional,0,1,1
constructions,0,1,1
constructive,1,0,1
consultancy,0,1,1
consumers,0,1,1
consuming,0,1,1
contact,1,2,3
contacting,1,0,1
contacts,3,1,4
contains,1,0,1
content,0,7,7
contest,10,4,14
contestant,0,1,1
continue,1,4,5
continued,0,3,3
continues,0,1,1
contract,1,2,3
contractions,1,0,1
contractors,1,0,1
contracts,1,0,1
contrarian,0,1,1
contributors,0,1,1
control,3,0,3
controls,1,0,1
convenience,0,2,2
convenient,2,0,2
convention,1,0,1
convergence,1,1,2
conversate,0,1,1
conversation,1,4,5
conversations,0,2,2
converter,1,0,1
converting,0,1,1
converts,0,2,2
convey,0,1,1
convienence,1,0,1
convince,1,2,3
convinced,1,1,2
convincing,1,0,1
convo,0,2,2
convos,1,0,1
convulsions,1,0,1
cook,1,5,6
cooked,0,4,4
cookery,1,0,1
cookie,1,4,5
cookieex,0,1,1
cookies,4,8,12
cookin,0,1,1
cooking,5,3,8
cool,20,65,85
cooler,1,1,2
coolest,0,4,4
cooling,1,0,1
coolness,0,1,1
cools,0,1,1
cooool,0,1,1
cooperate,1,0,1
cooperation,0,1,1
cop,1,1,2
cope,1,1,2
copper,0,2,2
cops,2,0,2
copy,3,4,7
coraline,1,1,2
coran,1,0,1
core,2,3,5
corey,0,1,1
corinamarie,0,1,1
corn,1,1,2
cornelius,1,0,1
corner,0,1,1
cornettos,1,0,1
cornwall,2,0,2
corny,0,1,1
coronation,0,1,1
corporation,1,0,1
corpus,2,0,2
correct,2,2,4
corrected,0,1,1
correction,2,1,3
correctly,1,0,1
corrupt,0,1,1
corrupted,0,1,1
corse,0,1,1
corsets,0,2,2
cos,7,5,12
cosby,0,1,1
cost,2,0,2
costa,1,1,2
costume,2,1,3
cottage,2,1,3
cotton,3,0,3
couch,3,0,3
coucou,0,1,1
cough,3,1,4
coughing,1,0,1
could,95,57,152
coulda,3,0,3
couldn,27,7,34
couldnt,9,1,10
couldy,1,0,1
count,2,3,5
countdown,1,1,2
counted,0,2,2
counter,0,2,2
counters,1,0,1
counting,2,4,6
countless,0,1,1
countries,2,0,2
country,3,2,5
countryside,1,0,1
counts,0,4,4
county,1,0,1
couple,12,4,16
coupon,1,0,1
courage,0,2,2
courageous,3,0,3
couragous,1,0,1
courier,0,1,1
course,9,14,23
courses,0,1,1
coursework,1,0,1
court,4,0,4
courtney,2,1,3
courtroom,0,1,1
couscous,1,0,1
cousin,6,4,10
cousins,2,1,3
cousre,1,0,1
couture,1,0,1
covenant,1,0,1
cover,2,6,8
covered,1,0,1
covers,1,0,1
cow,2,0,2
coward,0,1,1
cowboy,1,0,1
cowell,1,0,1
cowley,0,1,1
coworkers,0,1,1
cows,1,0,1
coz,4,2,6
cozy,0,1,1
cp,1,1,2
cpan,0,1,1
cpu,1,0,1
cr,1,0,1
craapppy,1,0,1
crabby,1,0,1
crack,1,4,5
cracked,2,1,3
cracking,0,1,1
cracks,2,1,3
craft,0,1,1
crafts,0,1,1
craic,0,1,1
craig,1,0,1
craigslist,1,0,1
crakle,0,1,1
cramps,2,0,2
crap,24,5,29
crapbday,1,0,1
crappy,8,2,10
crash,2,0,2
crashed,3,0,3
crashes,2,0,2
crashing,1,0,1
crashs,0,1,1
crates,0,1,1
crave,0,1,1
craving,5,5,10
cravings,1,1,2
cravng,1,0,1
crazier,0,1,1
craziness,0,1,1
crazy,16,21,37
crazzyyyy,1,0,1
cream,3,9,12
create,1,4,5
created,1,4,5
creating,1,4,5
creationfest,1,0,1
creative,1,2,3
creativity,1,1,2
creator,2,0,2
creators,0,1,1
creature,1,0,1
creatures,1,0,1
cred,0,1,1
credit,2,2,4
credited,0,1,1
creed,1,0,1
creek,0,2,2
creepier,0,1,1
creepily,0,1,1
creepy,0,3,3
cremate,1,0,1
crescendo,0,1,1
crescent,0,2,2
crew,2,1,3
crib,1,1,2
cricket,0,1,1
cried,4,1,5
cries,5,0,5
cripes,1,0,1
crippled,1,0,1
crisis,0,3,3
crisp,1,1,2
crisps,0,1,1
crispys,1,0,1
critical,2,0,2
critics,1,0,1
crits,0,1,1
croatia,1,0,1
crochet,0,2,2
crocheted,0,1,1
crocs,0,1,1
croissant,1,0,1
crook,1,0,1
cross,3,9,12
crossed,3,7,10
crossing,1,0,1
crotch,0,1,1
crowded,1,0,1
crowdsource,0,1,1
crowdsourced,0,1,1
cruddy,1,0,1
cruel,1,0,1
cruise,1,3,4
crumpet,0,1,1
crumpler,0,1,1
crunch,2,0,2
crunches,0,1,1
crush,2,2,4
crutches,1,0,1
cruz,0,1,1
cry,16,3,19
cryin,1,0,1
crying,5,1,6
crys,1,0,1
crystal,0,1,1
crystaldermy,1,0,1
cs,0,2,2
csi,2,1,3
csquare,0,1,1
css,3,2,5
cssedit,1,0,1
ct,0,1,1
ctia,0,1,1
cto,0,1,1
cu,0,2,2
cubicle,1,1,2
cubs,0,1,1
cuckold,0,1,1
cud,0,2,2
cuddle,2,2,4
cuddles,1,0,1
cuddling,1,0,1
cuddly,0,1,1
cuddyz,1,0,1
cudi,0,1,1
cue,0,1,1
cuffs,2,0,2
culinary,0,1,1
cullen,1,0,1
cullenx,1,0,1
cultural,0,1,1
culture,2,1,3
cum,2,0,2
cumpulasary,0,1,1
cunt,0,1,1
cunts,0,1,1
cup,2,7,9
cupboard,1,0,1
cupcake,0,2,2
cupcakes,0,2,2
cuppa,0,1,1
cups,1,0,1
curb,0,1,1
curd,1,0,1
cure,3,0,3
curious,2,3,5
curiousity,0,1,1
curl,2,0,2
curled,2,0,2
curling,1,0,1
current,2,3,5
currently,5,10,15
curry,1,0,1
cursebird,0,1,1
cursed,1,0,1
curses,1,0,1
curtii,0,1,1
curvy,0,1,1
cus,3,0,3
custom,1,2,3
customer,0,2,2
customers,0,1,1
customerssuck,0,1,1
cut,21,7,28
cute,7,28,35
cuteable,0,1,1
cuter,0,1,1
cutest,0,2,2
cutie,1,5,6
cuts,3,0,3
cutted,1,0,1
cutter,1,0,1
cutting,1,4,5
cuute,0,1,1
cuuuuuteeeeee,1,0,1
cuz,30,13,43
cuzons,0,1,1
cuzzzz,0,1,1
cvs,2,0,2
cw,1,0,1
cybercommand,1,0,1
cyclazine,1,0,1
cycle,1,0,1
cycling,1,2,3
cyclingteam,1,0,1
cynic,0,1,1
cyprus,0,1,1
cyrus,2,3,5
da,11,8,19
daaaaamnit,1,0,1
daaaay,2,0,2
daaang,0,1,1
daaannceee,1,0,1
daaddy,1,0,1
daang,1,0,1
dab,0,1,1
dad,26,8,34
dadagdag,0,1,1
daddy,3,2,5
daddys,1,0,1
dads,2,0,2
dag,0,1,1
dah,0,1,1
dahling,1,0,1
daily,5,3,8
dailybooth,0,1,1
dairy,1,0,1
dal,0,1,1
dale,0,1,1
dallas,4,2,6
dalool,1,0,1
dam,2,2,4
dame,0,1,1
damier,1,0,1
dammit,3,0,3
dammmn,1,0,1
damn,67,21,88
damnit,1,1,2
damnnn,1,0,1
damon,1,0,1
dan,0,2,2
dance,8,12,20
danceable,0,1,1
danced,1,0,1
dancer,0,2,2
dancing,4,11,15
dandy,0,1,1
dang,9,2,11
dangerous,1,0,1
danggit,1,0,1
dangit,1,0,1
daniel,0,2,2
daniella,2,0,2
danielle,1,0,1
danke,1,2,3
danko,0,1,1
danni,0,2,2
danniis,0,1,1
danny,0,5,5
dannys,1,0,1
dansu,0,1,1
daphne,0,1,1
daring,0,1,1
dark,7,4,11
darkenss,0,1,1
darker,1,1,2
darl,0,1,1
darlin,0,1,1
darling,3,1,4
darn,7,1,8
darned,2,0,2
darnell,1,0,1
das,1,1,2
dash,0,1,1
dashboard,0,2,2
dat,2,2,4
data,0,3,3
database,1,0,1
datajourn,0,1,1
date,2,9,11
dateee,0,1,1
dateline,0,1,1
dates,1,2,3
dating,0,1,1
daughter,3,2,5
daughters,2,0,2
dave,0,3,3
david,5,9,14
davies,0,1,1
daviestramp,1,0,1
davvvero,0,1,1
davy,1,0,1
dawaun,0,1,1
dawn,1,0,1
day,255,273,528
daydream,0,1,1
daylight,0,1,1
daylights,0,1,1
days,81,76,157
daysss,0,1,1
dayuum,1,0,1
dayy,0,1,1
dayz,0,1,1
db,1,0,1
dbq,0,2,2
dbsk,0,1,1
dc,5,2,7
dca,0,1,1
dcth,1,0,1
ddddddddddddddddddddddd,1,0,1
ddi,1,0,1
ddr,1,0,1
de,7,5,12
dea,0,1,1
dead,19,8,27
deadline,0,1,1
deadlines,0,2,2
deaf,0,1,1
deal,9,8,17
dealer,0,1,1
dealership,0,1,1
dealing,3,0,3
deals,1,0,1
dean,1,2,3
dear,11,13,24
dearest,0,1,1
dearie,0,1,1
dearly,1,0,1
death,10,4,14
deathh,1,0,1
deaths,4,0,4
debating,0,1,1
debbs,0,3,3
debby,0,1,1
debrief,0,1,1
debug,0,1,1
debugging,0,1,1
decade,1,0,1
decadent,1,0,1
decathlon,1,0,1
decay,1,0,1
decent,2,2,4
decently,1,0,1
decide,3,5,8
decided,8,4,12
decides,1,0,1
deciding,0,3,3
decision,2,2,4
decisions,2,2,4
deck,1,1,2
decks,0,1,1
decline,2,0,2
declined,1,0,1
declines,1,0,1
decorate,0,1,1
decorated,1,0,1
decreasing,1,0,1
dedicated,0,2,2
dedication,0,1,1
dee,0,1,1
deeds,1,0,1
deeeeb,0,1,1
deep,6,3,9
deeply,2,0,2
deer,0,1,1
deets,0,1,1
def,4,2,6
default,1,1,2
defeats,0,1,1
defense,0,2,2
defensive,1,0,1
deffffinitely,0,1,1
deficit,0,1,1
defied,0,1,1
definately,0,2,2
definatley,1,0,1
define,0,1,1
defined,1,0,1
definitely,10,18,28
definition,1,0,1
defo,1,1,2
deg,1,1,2
degrassi,3,1,4
degraw,0,1,1
degree,1,3,4
degrees,5,3,8
degress,0,1,1
deirdre,0,1,1
deiss,0,1,1
deki,1,0,1
del,3,0,3
delay,4,0,4
delayed,1,2,3
delegate,1,0,1
delegates,0,1,1
delemma,1,0,1
delete,3,0,3
deleted,1,1,2
delhi,2,0,2
deli,1,0,1
deliberately,0,1,1
delicious,0,3,3
deliciousness,1,0,1
delidelux,0,1,1
delight,0,1,1
delilah,1,0,1
delirious,0,1,1
delirous,0,1,1
deliver,3,0,3
delivered,0,2,2
delivery,3,2,5
dell,1,0,1
dem,1,0,1
demanding,0,1,1
demet,1,0,1
demi,2,4,6
demo,1,3,4
demogeek,1,0,1
demonstrations,0,1,1
denied,2,0,2
denims,1,0,1
denise,0,1,1
dennis,1,0,1
dense,0,2,2
density,0,1,1
dental,1,0,1
dentist,10,1,11
dentists,1,0,1
denver,1,0,1
denyhosts,0,1,1
dep,0,1,1
departure,1,0,1
depeche,1,0,1
depend,0,1,1
dependencies,0,1,1
depends,0,6,6
deposit,0,1,1
depot,1,0,1
depp,1,1,2
depressed,13,0,13
depressin,1,0,1
depressing,6,1,7
depression,1,0,1
deprivation,1,1,2
deprived,1,0,1
der,1,0,1
derailer,0,1,1
derby,0,1,1
deredactie,1,0,1
dermatologist,1,0,1
describe,1,0,1
description,1,0,1
descriptions,0,1,1
desert,0,1,1
deserted,2,0,2
deserve,2,5,7
deserved,0,1,1
design,2,8,10
designated,0,1,1
designer,0,1,1
designers,1,2,3
designing,0,3,3
desire,1,4,5
desired,0,1,1
desk,8,4,12
desktop,1,2,3
despairing,1,0,1
desperate,1,4,5
despite,1,0,1
dessert,1,0,1
destination,1,1,2
destined,1,0,1
destroyflickr,1,0,1
destroying,1,0,1
detail,1,0,1
details,4,3,7
detatched,0,1,1
detergent,0,1,1
determination,1,0,1
determine,0,1,1
determined,0,3,3
detox,0,1,1
detriment,0,1,1
detroit,1,0,1
dev,0,3,3
devastated,3,0,3
develop,1,1,2
developer,0,1,1
devestating,1,0,1
device,1,1,2
devices,1,1,2
devil,2,0,2
devils,0,1,1
devin,1,0,1
devotee,0,1,1
devunity,0,1,1
dexter,2,0,2
dfw,1,0,1
dgoody,0,1,1
dgs,1,0,1
dh,1,0,1
di,0,3,3
dia,0,1,1
diabetes,1,0,1
diagnosed,0,1,1
diajarin,0,1,1
diana,0,1,1
dianna,0,1,1
diapers,0,1,1
diaries,0,1,1
diary,1,2,3
dias,0,1,1
diaz,1,0,1
dice,1,0,1
diced,0,1,1
dick,3,1,4
dicks,1,0,1
dictionary,0,1,1
did,71,74,145
diddy,0,1,1
didier,0,1,1
didn,90,34,124
didnt,31,14,45
die,13,4,17
died,130,4,134
diego,1,3,4
dieing,1,0,1
dienstag,0,1,1
dies,20,0,20
diesel,0,2,2
diet,1,3,4
diff,1,0,1
difference,1,2,3
different,5,11,16
difficult,4,1,5
difficulties,1,0,1
difficulty,1,1,2
dig,0,2,2
digg,0,1,1
diggbar,0,1,1
digging,1,0,1
digit,1,0,1
digital,4,1,5
digitalhero,0,1,1
dii,1,0,1
diigo,0,1,1
dilariously,0,1,1
dilemma,0,1,1
dilemmas,1,0,1
dillema,1,0,1
dim,1,0,1
dimple,0,1,1
din,1,2,3
dind,1,0,1
ding,0,1,1
dinheiro,1,0,1
dinner,11,27,38
dinners,0,1,1
dinnertime,0,1,1
dint,1,0,1
dinz,0,1,1
dion,0,1,1
dip,0,2,2
direct,1,2,3
directed,0,2,2
directing,1,1,2
direction,0,1,1
directions,2,0,2
director,0,2,2
directory,0,1,1
dirty,1,4,5
dis,4,0,4
disability,1,1,2
disabled,1,0,1
disagree,0,1,1
disagreed,1,0,1
disamperin,0,1,1
disapointed,1,0,1
disappear,2,1,3
disappeared,2,1,3
disappointed,12,1,13
disbelief,1,0,1
disc,1,0,1
disciple,1,0,1
disciplinary,0,1,1
discipline,1,0,1
disclaimer,0,1,1
disco,0,1,1
disconnect,1,0,1
disconnecting,1,0,1
discontentment,0,1,1
discount,1,1,2
discourses,1,0,1
discovered,1,4,5
discovering,0,2,2
discovery,0,1,1
discriminatory,0,1,1
disease,5,1,6
dised,1,0,1
disgruntled,1,0,1
disgusting,2,0,2
disheartening,1,0,1
dishes,1,1,2
dishwashing,0,1,1
dislike,1,0,1
dismayed,1,0,1
dismissed,0,1,1
disney,2,6,8
disneyland,1,1,2
disnt,1,0,1
disorder,1,0,1
display,1,0,1
disruptive,0,1,1
diss,0,1,1
dissapeared,1,0,1
dissapointed,1,0,1
dissed,0,1,1
dissertation,0,1,1
distance,0,2,2
distill,0,1,1
distract,2,0,2
distracted,0,1,1
distraction,0,1,1
distress,1,0,1
disturbed,0,2,2
disturbing,0,1,1
disturbs,0,1,1
ditch,2,0,2
ditto,0,1,1
diva,0,1,1
dive,0,2,2
diversion,0,1,1
diverted,0,1,1
divided,1,0,1
divo,0,1,1
divorcing,1,0,1
divs,1,0,1
dixie,1,0,1
dixon,0,1,1
diy,0,1,1
dizzy,2,1,3
dj,0,1,1
dk,1,3,4
dling,1,0,1
dlr,0,1,1
dm,4,10,14
dms,1,3,4
dmv,1,0,1
dn,2,0,2
dnt,6,0,6
do,208,218,426
doc,4,2,6
dock,0,1,1
docs,0,1,1
doctor,12,6,18
doctors,7,4,11
document,1,0,1
documentary,2,1,3
documentatiemap,1,0,1
documents,0,1,1
dodgers,0,1,1
dodgiest,0,1,1
dodging,0,1,1
dodgy,1,0,1
doe,1,0,1
doens,1,0,1
does,32,31,63
doesn,48,21,69
doesnt,14,6,20
dog,14,16,30
doggies,0,2,2
doggone,1,0,1
doggy,2,0,2
dogkiller,0,1,1
dogon,1,0,1
dogpiled,1,0,1
dogs,5,6,11
dogtraders,0,1,1
dohnuts,1,0,1
doin,5,8,13
doing,53,59,112
doinggggg,0,1,1
dojo,1,0,1
dole,0,1,1
doll,3,3,6
dollah,0,1,1
dollar,4,1,5
dollars,2,0,2
domain,1,3,4
domestic,0,1,1
domesticated,0,2,2
domino,1,0,1
don,203,124,327
donate,2,1,3
donations,0,1,1
done,47,54,101
donfucious,0,1,1
dong,0,2,2
dongs,0,1,1
donk,0,1,1
donkey,1,0,1
donnie,1,4,5
dont,79,29,108
dontya,0,1,1
donuts,1,0,1
doo,1,1,2
dooce,0,1,1
doodles,0,1,1
dooley,0,1,1
doom,0,1,1
doomed,1,0,1
doomferret,0,1,1
doooo,2,1,3
door,3,3,6
doors,1,4,5
dope,0,1,1
doritos,0,1,1
dork,0,2,2
dorm,1,0,1
dorset,0,1,1
dos,0,1,1
dose,0,2,2
dosent,1,0,1
dosey,0,1,1
dossier,1,0,1
dot,1,0,1
dotclear,1,0,1
dots,0,1,1
dou,1,0,1
double,7,3,10
doubled,0,1,1
doubles,1,1,2
doubt,4,8,12
doubtful,1,0,1
douche,0,2,2
doug,2,0,2
dough,0,2,2
dougiamas,0,1,1
dougie,1,8,9
dov,0,1,1
down,67,40,107
downey,0,1,1
download,4,4,8
downloaded,0,7,7
downloading,3,5,8
downpour,1,0,1
downs,1,1,2
dowwwwn,0,1,1
dozen,0,1,1
dpt,0,1,1
dr,1,10,11
draag,1,0,1
draft,0,1,1
drag,1,4,5
dragged,1,0,1
dragging,1,1,2
dragonball,0,1,1
drain,1,0,1
drained,2,0,2
draining,1,0,1
drama,2,3,5
drank,1,1,2
drats,1,0,1
draw,2,2,4
drawing,3,1,4
dreadful,1,0,1
dreading,5,0,5
dreads,2,0,2
dream,22,12,34
dreamer,1,0,1
dreamhost,1,0,1
dreamin,1,1,2
dreaming,1,0,1
dreamland,0,1,1
dreams,8,20,28
dreamt,1,0,1
dreamweaver,1,1,2
dreamz,0,1,1
dreary,0,2,2
drenched,1,0,1
dreptate,0,1,1
dress,6,4,10
dressed,2,0,2
dressers,0,1,1
dresses,0,3,3
dressing,1,0,1
drew,2,2,4
driftered,0,1,1
drifting,1,0,1
drill,1,0,1
drink,11,7,18
drinking,9,10,19
drinks,3,2,5
drive,14,6,20
driver,2,1,3
drivers,0,1,1
drives,3,1,4
drivin,1,0,1
driving,11,8,19
drm,1,1,2
drooling,0,2,2
drop,3,6,9
dropbox,0,2,2
dropped,6,2,8
droppin,1,0,1
drops,2,0,2
drove,1,1,2
drowning,0,1,1
dru,1,0,1
drug,0,2,2
drugs,0,2,2
drum,0,1,1
drummer,3,0,3
drumoff,1,0,1
drums,2,0,2
drunk,2,9,11
drunken,1,1,2
drupal,1,0,1
dry,7,1,8
dryballs,1,0,1
dryer,2,0,2
ds,2,1,3
dselsdag,0,1,1
dsff,0,1,1
dsi,0,5,5
dt,0,1,1
dtds,1,0,1
dtwn,1,0,1
du,2,0,2
dub,0,1,1
dubai,1,1,2
dublin,0,2,2
dubz,0,1,1
duck,1,3,4
duckett,0,1,1
ducks,1,1,2
dude,8,19,27
dudes,2,3,5
due,4,6,10
duel,0,1,1
dues,1,0,1
duff,0,1,1
dui,0,1,1
dukes,1,0,1
dulce,1,0,1
dull,1,2,3
dulles,0,1,1
duluth,1,0,1
dum,0,2,2
dumb,4,4,8
dumbest,0,1,1
dumped,1,1,2
dumplings,0,1,1
dumps,2,0,2
dumpses,1,0,1
dun,4,3,7
duncan,0,2,2
dundee,1,0,1
dundrum,1,1,2
dune,0,1,1
dungeon,1,0,1
dunham,0,1,1
dunk,0,3,3
dunkin,1,0,1
dunkroos,0,1,1
dunno,8,6,14
dunt,1,0,1
duplex,0,1,1
during,5,6,11
dust,2,0,2
dustin,1,0,1
dutch,0,4,4
duty,1,0,1
duuuuuude,1,0,1
duuuuuuuude,1,0,1
duvet,1,0,1
dvd,4,8,12
dvr,1,3,4
dwanb,0,1,1
dwarf,0,3,3
dwindling,1,0,1
dxckinyamouth,0,1,1
dye,1,0,1
dyeing,0,1,1
dyi,1,0,1
dyiing,0,1,1
dying,7,1,8
dylan,0,1,1
eaaaarlay,1,0,1
each,6,4,10
eachother,1,0,1
eally,0,1,1
ear,4,2,6
eardrops,1,0,1
earings,1,0,1
earl,1,0,1
earlier,7,5,12
earliest,1,0,1
early,34,38,72
earned,1,2,3
earnest,0,1,1
earning,0,1,1
earrings,0,1,1
ears,0,2,2
earth,2,3,5
ease,1,0,1
easier,1,3,4
easily,3,3,6
east,3,1,4
easter,0,21,21
eastern,0,1,1
eastside,1,0,1
easy,3,14,17
eat,26,21,47
eaten,6,0,6
eatin,1,0,1
eating,18,14,32
eats,2,0,2
eb,1,0,1
ebay,1,3,4
ebg,0,1,1
ebtm,0,1,1
ec,1,1,2
econ,1,0,1
economic,1,0,1
economics,1,1,2
economy,3,0,3
ecosystem,0,1,1
ed,13,4,17
edc,1,0,1
eddy,0,1,1
eden,0,1,1
edge,1,2,3
edinburgh,1,1,2
edit,0,2,2
editable,1,0,1
editing,2,2,4
editor,1,0,1
edmcmahon,1,0,1
edmonton,1,0,1
education,0,1,1
educational,0,1,1
edward,2,1,3
edwards,1,0,1
ee,1,2,3
eedit,0,1,1
eee,0,2,2
eeee,0,1,1
eeeee,1,0,1
eeeeee,0,1,1
eeeeewwwwww,0,1,1
eeeek,1,0,1
eek,0,1,1
eenie,1,0,1
eep,1,0,1
eeshh,1,0,1
eff,4,0,4
effect,2,3,5
effects,1,1,2
efficient,1,0,1
effin,0,1,1
effing,3,1,4
effort,0,2,2
eg,2,1,3
egerton,0,1,1
egg,2,2,4
eggs,2,6,8
egrets,0,1,1
egypt,0,1,1
eh,4,9,13
ehh,0,1,1
ehhhh,1,0,1
ehon,0,1,1
eight,1,1,2
eightfive,0,1,1
einai,1,0,1
einen,0,1,1
eircom,1,0,1
eit,1,0,1
either,27,12,39
ek,0,2,2
ekkoh,0,1,1
el,1,1,2
elaborate,0,1,1
elan,0,1,1
elapsed,0,1,1
elderly,0,1,1
election,0,1,1
electric,4,2,6
electromagnets,0,1,1
electronics,1,0,1
element,1,0,1
eleonoraelitoday,0,1,1
elephant,2,0,2
eleven,0,1,1
elie,1,0,1
elisabeth,0,1,1
elise,1,0,1
elite,1,1,2
elizabeth,1,0,1
ell,1,0,1
ella,1,0,1
elle,1,0,1
ellen,1,4,5
elliott,1,1,2
elmar,0,1,1
elmo,1,0,1
else,18,12,30
elsewhere,1,0,1
elstree,0,1,1
elton,0,1,1
elum,1,0,1
elusive,1,0,1
elvis,0,1,1
em,7,14,21
email,22,14,36
emailed,0,1,1
emailing,1,0,1
emails,4,4,8
embarked,0,1,1
embarrassing,0,1,1
embarrassingly,1,0,1
embarressed,1,0,1
embarss,1,0,1
embassy,0,1,1
ember,0,1,1
embrace,0,1,1
emergency,1,0,1
emergents,0,1,1
emilie,0,1,1
emily,3,2,5
eminem,0,1,1
emjay,1,0,1
emma,1,1,2
emmanuel,0,1,1
emmerson,0,1,1
emmylou,0,1,1
emo,2,1,3
emoticon,0,1,1
emotion,1,0,1
emotional,1,1,2
emotions,1,1,2
empathize,1,0,1
emphasis,0,1,1
employee,1,2,3
employees,1,1,2
employes,1,0,1
empt,0,1,1
emptier,0,1,1
emptiness,2,0,2
empty,4,2,6
ems,0,1,1
emz,1,0,1
en,0,4,4
enabled,0,1,1
enabling,1,0,1
encantado,0,1,1
encouraged,1,0,1
encouragement,0,1,1
encryption,0,1,1
end,18,27,45
endcliffe,1,0,1
ended,3,3,6
ender,1,0,1
ending,6,1,7
endless,1,1,2
endorsement,0,1,1
ends,6,5,11
endure,0,1,1
enemy,1,0,1
energy,4,2,6
energyyyyyy,0,1,1
enforced,0,1,1
engagament,0,1,1
engagement,0,1,1
engaging,0,1,1
engine,1,0,1
engineer,1,0,1
engineering,0,1,1
engineers,0,1,1
england,1,6,7
english,9,8,17
enjoy,11,29,40
enjoyed,2,7,9
enjoyin,0,1,1
enjoying,8,17,25
enjoys,1,0,1
enlightened,0,2,2
enlightening,0,1,1
enlisted,0,1,1
enneagram,0,2,2
enough,22,20,42
enought,2,0,2
enquiry,0,1,1
enriching,0,1,1
enrollment,1,0,1
ensure,0,2,2
ent,1,0,1
enter,15,3,18
entering,1,0,1
enterprise,1,0,1
entertain,1,2,3
entertained,0,1,1
entertainers,0,1,1
entertaining,0,3,3
entertainment,1,1,2
entire,2,4,6
entirely,0,3,3
entourage,0,1,1
entrance,1,1,2
entrevista,1,0,1
entry,4,3,7
enuf,1,0,1
env,0,1,1
environtment,1,0,1
envy,2,0,2
eorld,1,0,1
eot,0,1,1
ep,1,3,4
epic,5,5,10
epiloges,1,0,1
episode,7,9,16
episodes,6,1,7
eps,1,1,2
equally,0,1,1
equals,1,1,2
equipment,0,1,1
er,2,4,6
era,1,2,3
erf,1,0,1
erggh,1,0,1
eric,2,0,2
erik,0,2,2
erin,1,1,2
erm,1,0,1
erotic,0,1,1
erpsx,0,1,1
err,0,1,1
errands,4,1,5
errani,1,0,1
erro,0,1,1
error,4,1,5
erroring,1,0,1
errors,1,1,2
errrr,0,1,1
errrrr,0,1,1
ers,1,0,1
es,2,0,2
escapades,0,1,1
escape,2,3,5
escaped,0,1,1
eshop,0,1,1
esma,0,2,2
esp,0,2,2
espanol,0,1,1
especially,6,8,14
esperanto,0,1,1
esplanade,1,0,1
espresso,0,2,2
essay,3,1,4
essays,0,1,1
essence,0,1,1
est,1,0,1
established,0,1,1
establishment,0,1,1
estate,0,1,1
esurance,0,1,1
etc,5,6,11
eternity,1,0,1
ethan,1,0,1
ethernet,1,0,1
ethics,0,1,1
ethiopian,0,1,1
ethiopians,1,0,1
ethnobotany,1,0,1
etymotic,0,1,1
etys,0,1,1
etz,1,0,1
eubanks,0,1,1
euh,0,1,1
europe,2,4,6
european,1,0,1
eurotrash,1,0,1
eva,1,1,2
evals,1,0,1
eve,1,4,5
even,74,41,115
evening,6,14,20
evensong,1,0,1
event,3,5,8
eventbox,0,1,1
eventhough,1,0,1
events,3,1,4
eventually,1,1,2
ever,35,30,65
everbody,0,1,1
everday,0,1,1
everlong,1,0,1
everrrr,1,0,1
every,33,28,61
everybdy,1,0,1
everybody,1,3,4
everyday,4,8,12
everyone,34,68,102
everyonee,0,1,1
everyones,2,1,3
everything,20,19,39
everythingggg,0,1,1
everythings,2,1,3
everythins,0,1,1
everytime,2,0,2
everywhere,4,3,7
eveything,0,1,1
eveytime,1,0,1
eviction,1,0,1
evidence,0,2,2
evie,0,1,1
evil,4,4,8
evilcreations,0,1,1
evo,1,1,2
evolution,0,2,2
evolutions,1,0,1
evp,0,1,1
evr,1,0,1
evry,1,0,1
evrywhere,1,0,1
evur,0,1,1
ew,4,0,4
ewood,1,0,1
eww,1,2,3
ewww,1,0,1
ewwwwwwwww,1,0,1
ex,1,4,5
exact,1,0,1
exactly,6,6,12
exalted,0,1,1
exam,7,6,13
examiner,0,1,1
example,1,5,6
examples,0,1,1
exams,4,1,5
exceeded,0,2,2
exceeding,0,1,1
exceedingly,1,0,1
excel,0,3,3
excellent,2,10,12
except,11,5,16
exceptional,0,1,1
excercise,1,0,1
exchange,1,1,2
exciited,0,1,1
excited,14,45,59
excitement,1,2,3
excitied,0,1,1
exciting,4,11,15
excitment,1,0,1
exclude,0,1,1
exctly,0,1,1
excuse,3,5,8
excuses,1,1,2
exec,1,0,1
execs,0,1,1
execute,0,1,1
executing,0,1,1
exegetical,0,1,1
exercise,1,2,3
exercising,2,0,2
exeter,0,1,1
exhausted,6,2,8
exhaustedd,1,0,1
exhausting,0,1,1
exhaustinggg,1,0,1
exhibition,1,0,1
exhilarating,0,1,1
exhuasted,1,0,1
exist,1,1,2
existance,0,1,1
existence,0,1,1
existing,1,1,2
exists,1,1,2
exitedd,0,1,1
exodus,1,0,1
exorcism,1,0,1
expanding,0,1,1
expect,1,3,4
expectation,0,1,1
expectations,1,2,3
expected,3,1,4
expecting,0,2,2
expenses,1,0,1
expensive,6,2,8
experience,4,5,9
experienced,0,1,1
experiment,0,2,2
expert,0,4,4
expertise,0,1,1
experts,0,1,1
expired,1,0,1
explain,2,0,2
explained,0,1,1
explaining,1,1,2
explains,0,1,1
expletives,0,1,1
explode,2,1,3
explore,0,1,1
explosions,1,0,1
expo,1,1,2
export,0,1,1
exporting,0,1,1
exposure,0,1,1
extend,0,1,1
extended,2,1,3
extension,0,1,1
extra,1,11,12
extranio,1,0,1
extraordinarily,0,1,1
extreamly,1,0,1
extreme,1,2,3
extremeee,0,1,1
extremely,3,3,6
eye,8,8,16
eyeball,1,0,1
eyeballs,1,0,1
eyebrow,0,1,1
eyedrops,0,1,1
eyelashes,0,1,1
eyes,11,10,21
eyeshadow,1,0,1
eyyy,0,1,1
faair,1,0,1
fab,0,3,3
fabric,1,0,1
fabulous,4,6,10
face,24,22,46
facebook,18,17,35
facebooking,0,2,2
faces,1,2,3
facesbyrozzj,0,1,1
facetime,0,1,1
facett,1,0,1
facineli,1,0,1
facing,2,0,2
fact,11,4,15
faction,1,1,2
factor,2,0,2
factory,2,1,3
fade,2,0,2
fades,0,1,1
fading,2,0,2
fail,15,6,21
faild,1,0,1
failed,12,1,13
failing,2,1,3
fails,0,1,1
failure,4,1,5
fainted,3,0,3
fair,6,5,11
faire,0,1,1
fairies,0,1,1
fairly,0,2,2
fairtrade,0,1,1
fairy,3,2,5
fairys,0,1,1
faith,1,3,4
faithful,0,1,1
faithfuls,1,0,1
faja,1,0,1
fake,3,1,4
faked,0,1,1
fakes,0,1,1
falafel,1,0,1
falke,0,1,1
fall,12,12,24
fallen,1,1,2
fallin,0,1,1
falling,7,3,10
fallout,0,1,1
falls,1,3,4
fam,2,2,4
fambam,0,1,1
fame,0,2,2
families,1,0,1
familty,1,0,1
family,46,17,63
familyyyyyyyyyyyy,0,1,1
famous,5,3,8
fan,10,6,16
fanatic,0,1,1
fanclub,0,1,1
fancy,1,1,2
fanfiction,0,1,1
fans,4,2,6
fantasiaq,1,0,1
fantastic,1,9,10
fantasy,1,3,4
fapping,0,1,1
far,28,18,46
farah,21,0,21
fareast,1,0,1
farewell,2,1,3
farfalla,1,0,1
farfallina,1,0,1
fariah,0,1,1
farm,1,2,3
farrah,485,0,485
farrahfawcett,1,0,1
farrahfawcettrip,1,0,1
farrahhhhhhhh,1,0,1
farraw,1,0,1
farringdon,1,0,1
fart,0,1,1
fascinating,0,1,1
fashion,1,0,1
fashioned,3,0,3
fast,18,17,35
faster,1,1,2
fat,15,2,17
fatal,1,1,2
fate,0,1,1
father,4,1,5
fathers,1,0,1
fats,1,0,1
fattening,1,0,1
fatter,1,0,1
fatty,1,0,1
faucet,4,0,4
faucett,6,0,6
fault,3,3,6
faux,1,0,1
fav,2,6,8
fave,1,1,2
favela,0,1,1
faves,0,3,3
favicon,1,0,1
favor,0,2,2
favorite,14,11,25
favorites,1,3,4
favors,1,0,1
favourite,3,5,8
favourites,0,1,1
favreau,0,2,2
favs,1,0,1
faw,1,0,1
fawcet,12,0,12
fawcett,348,0,348
fawcetts,1,0,1
fawecett,1,0,1
fawkes,1,0,1
fawset,1,0,1
faycett,1,0,1
fb,10,6,16
fbc,1,0,1
fck,1,0,1
fckin,1,0,1
fcp,0,1,1
fdw,0,1,1
feal,1,0,1
fear,1,2,3
feat,0,3,3
feather,4,0,4
feathered,2,0,2
feathers,1,0,1
featherstones,1,0,1
feature,1,4,5
featured,0,1,1
features,0,2,2
featuring,0,1,1
februar,1,0,1
february,0,1,1
feck,1,0,1
fed,3,2,5
fedexing,0,1,1
feds,3,0,3
feeble,1,0,1
feed,3,4,7
feedback,0,3,3
feeding,0,1,1
feeeeeling,1,0,1
feeel,0,1,1
feel,123,61,184
feelen,1,0,1
feelin,6,1,7
feeling,68,32,100
feelings,1,0,1
feelinqs,1,0,1
feels,18,12,30
fees,2,0,2
feet,8,5,13
feeters,0,1,1
feijoa,0,1,1
feling,0,1,1
felix,1,1,2
fell,8,3,11
fella,2,0,2
fellow,2,3,5
fellows,1,0,1
feloow,0,1,1
felt,9,8,17
felted,1,0,1
female,0,2,2
feminism,1,0,1
fence,3,0,3
fern,0,1,1
ferrah,1,0,1
ferrari,0,1,1
ferrera,0,1,1
fest,1,0,1
festival,0,3,3
festivals,1,0,1
festivities,1,0,1
fetch,0,1,1
fetching,1,0,1
fever,3,1,4
few,24,37,61
fewer,1,0,1
ff,2,2,4
ffs,0,1,1
fh,2,0,2
fi,1,0,1
fiances,0,1,1
fiasco,1,0,1
fiber,0,2,2
fic,1,1,2
fiction,0,2,2
fieber,0,1,1
field,1,1,2
fiend,1,0,1
fierce,1,0,1
fies,0,1,1
fifa,1,0,1
fifteen,1,0,1
figa,0,1,1
fight,10,8,18
fighter,2,0,2
fighters,0,1,1
fighting,7,2,9
figure,7,11,18
figured,6,4,10
figuring,0,3,3
fil,0,1,1
fildias,0,1,1
file,1,5,6
files,0,5,5
fileserver,0,1,1
filet,0,1,1
fill,2,2,4
filled,5,0,5
fillet,1,1,2
filling,2,0,2
film,2,7,9
filmed,0,1,1
filming,2,0,2
films,1,0,1
filter,1,0,1
filthy,1,0,1
final,5,6,11
finale,1,0,1
finalizing,0,1,1
finally,26,51,77
finals,0,2,2
finance,0,1,1
financial,1,0,1
finch,2,0,2
find,55,34,89
finding,4,4,8
fine,12,22,34
fines,1,0,1
finger,5,2,7
fingers,6,8,14
fingertips,0,1,1
fingures,1,0,1
finish,8,11,19
finished,17,22,39
finishedd,1,0,1
finishing,2,3,5
finnished,0,1,1
finshing,1,0,1
fire,1,4,5
fireable,1,0,1
firearms,0,1,1
firebug,0,1,1
fired,3,1,4
firefly,0,1,1
firefox,6,5,11
firehouse,1,0,1
fireplace,0,1,1
firewall,1,0,1
firewalls,1,0,1
fireworks,1,0,1
firies,0,1,1
firm,1,1,2
firmly,0,1,1
firmware,0,1,1
first,49,70,119
fish,2,8,10
fishing,1,0,1
fishy,0,1,1
fisl,1,0,1
fit,2,1,3
fitness,2,4,6
fitnessdk,0,1,1
five,4,4,8
fives,0,1,1
fix,14,6,20
fixable,1,0,1
fixed,9,2,11
fixing,0,1,1
fixoutlook,1,0,1
fkin,2,0,2
fkn,0,1,1
fl,2,1,3
fla,1,0,1
flacq,1,0,1
flagging,1,0,1
flags,3,0,3
flail,1,0,1
flames,0,1,1
flaminhg,1,0,1
flaring,1,0,1
flash,3,1,4
flashing,0,1,1
flat,4,2,6
flavor,1,3,4
flavored,0,1,1
flavors,1,0,1
flavoured,0,2,2
flawless,0,3,3
flea,0,1,1
fletcher,0,1,1
fleurs,1,0,1
flew,4,0,4
flick,0,1,1
flickr,2,4,6
flicks,0,1,1
flies,0,1,1
flight,11,6,17
flights,2,3,5
flik,0,1,1
flikr,0,3,3
flip,3,2,5
flipped,0,1,1
flippin,2,1,3
flips,1,0,1
flipside,0,1,1
floa,1,0,1
flock,0,1,1
flofficers,0,1,1
floods,1,0,1
floor,2,1,3
floors,1,0,1
flops,1,1,2
florentina,0,1,1
florida,5,1,6
florintina,1,0,1
flow,0,2,2
flower,1,3,4
flowers,0,1,1
flowing,2,0,2
flows,0,1,1
flr,0,1,1
flu,4,2,6
fluffy,0,1,1
fluid,2,1,3
flush,1,0,1
flutter,0,2,2
fly,4,4,8
flyer,0,1,1
flyers,0,1,1
flying,6,4,10
flynn,2,0,2
fm,0,3,3
fml,6,2,8
fmmfl,1,0,1
fmt,0,1,1
fmylife,1,0,1
fo,2,2,4
foam,3,1,4
fob,0,1,1
focus,0,5,5
focusing,0,1,1
foe,0,1,1
fogbugz,0,1,1
foggy,0,1,1
folders,1,0,1
folding,0,1,1
folks,1,4,5
follow,7,56,63
followed,2,6,8
follower,3,3,6
followers,8,25,33
followerss,0,1,1
following,8,16,24
followinq,0,1,1
follows,0,3,3
follwed,0,1,1
folowerssss,0,1,1
fomo,1,0,1
fond,1,0,1
fondle,1,0,1
fone,5,1,6
foneeee,1,0,1
font,0,2,2
fontana,0,1,1
food,28,16,44
foodd,0,1,1
foods,1,0,1
foodworks,0,1,1
fool,1,4,5
fooled,1,0,1
fools,1,0,1
foooooool,1,0,1
foot,10,2,12
footage,0,1,1
football,2,2,4
footbath,1,0,1
footlong,0,1,1
footy,0,3,3
for,595,803,1398
forced,2,1,3
forcefully,0,1,1
forces,1,1,2
forclosed,0,1,1
ford,1,1,2
forecast,2,1,3
forehead,2,0,2
foreign,0,1,1
forename,0,1,1
forensic,0,1,1
foreseen,0,1,1
forest,1,0,1
forever,14,7,21
forgave,1,0,1
forget,8,9,17
forgetful,0,1,1
forgetting,1,2,3
forgive,2,1,3
forgiven,1,3,4
forgot,23,9,32
forgotten,2,3,5
fork,1,0,1
forks,1,0,1
form,7,3,10
formal,1,4,5
formative,1,0,1
former,1,1,2
formerly,0,1,1
formula,0,1,1
formulaic,1,0,1
forqot,1,0,1
forreal,1,0,1
forrr,0,1,1
forsaken,1,0,1
forum,1,2,3
forums,2,0,2
forward,16,33,49
forwarding,0,1,1
fosse,0,1,1
foster,0,1,1
fought,4,0,4
found,37,29,66
founding,0,1,1
founnndddd,0,1,1
fountain,0,1,1
four,2,7,9
fourth,2,0,2
fow,1,0,1
fowa,0,1,1
fox,2,1,3
foxy,0,1,1
fps,0,1,1
fr,0,1,1
fracture,1,0,1
fragile,0,1,1
fragrance,0,1,1
frags,0,1,1
fraid,1,0,1
fran,0,1,1
francais,0,1,1
france,6,4,10
franchisee,0,1,1
francis,1,1,2
francisco,0,2,2
francophones,0,1,1
frank,0,2,2
franked,0,1,1
frankie,0,1,1
franklin,0,1,1
frankly,0,1,1
frantic,1,0,1
franzi,1,0,1
frappes,1,0,1
frappucino,1,0,1
fraps,0,1,1
frd,0,1,1
freak,1,2,3
freaked,2,1,3
freakin,5,7,12
freaking,10,3,13
freaky,0,1,1
freckles,0,1,1
fred,1,5,6
freddie,1,0,1
freddy,0,1,1
free,25,21,46
freebies,0,2,2
freedom,3,2,5
freeeeeeeeeeee,1,0,1
freefest,1,0,1
freelance,1,1,2
freelancing,0,1,1
freeroll,0,1,1
freerunner,0,1,1
freeze,0,1,1
freezer,1,1,2
freezing,1,6,7
freitag,0,1,1
french,3,4,7
frenchfest,1,0,1
frenz,0,1,1
frenzy,0,1,1
fresh,5,2,7
fresher,0,1,1
freshness,0,1,1
fresno,0,1,1
fressh,0,1,1
fret,0,1,1
fretting,1,0,1
frezing,1,0,1
fri,1,0,1
friadays,0,1,1
friboourg,0,1,1
fricken,0,1,1
frickin,1,0,1
friday,15,18,33
fridays,0,1,1
fridge,1,0,1
fried,2,1,3
frieends,1,0,1
friend,27,33,60
friended,0,1,1
friendfeed,0,3,3
friendly,1,7,8
friends,47,33,80
friendships,1,0,1
friendster,0,1,1
fries,2,1,3
friggin,1,1,2
frightened,1,0,1
friiiend,0,1,1
fringe,1,1,2
frisbee,2,0,2
fritz,3,0,3
frm,0,1,1
frnds,2,0,2
fro,1,0,1
frog,0,1,1
froggy,1,0,1
frogs,0,1,1
from,171,176,347
front,7,3,10
frontier,0,1,1
fropm,0,1,1
frosted,0,1,1
froulala,0,1,1
frows,1,0,1
frozen,3,2,5
frpm,1,0,1
fruit,1,3,4
fruits,0,2,2
frum,1,0,1
frustrated,1,0,1
frustrates,1,0,1
frustrating,4,1,5
fry,1,1,2
ftsk,1,0,1
ftth,0,1,1
fttn,0,1,1
ftw,2,1,3
fuccccccckkkkkk,1,0,1
fuchs,0,1,1
fuck,15,12,27
fucked,7,1,8
fucken,1,1,2
fuckin,3,3,6
fucking,9,7,16
fuckk,1,0,1
fucks,1,0,1
fudge,2,0,2
fuee,1,0,1
fuel,1,0,1
fuffy,1,0,1
fuk,0,2,2
fukin,0,1,1
fuking,1,0,1
fukuoka,0,1,1
fulfilling,0,1,1
fulfillment,0,1,1
full,13,14,27
fully,1,0,1
fun,51,86,137
functions,0,2,2
funding,0,2,2
funds,3,0,3
funeral,5,1,6
funerals,1,0,1
funk,2,1,3
funky,0,1,1
funn,1,0,1
funness,0,1,1
funnest,0,1,1
funnier,1,0,1
funniest,0,1,1
funnifunniest,0,1,1
funnn,1,0,1
funny,11,28,39
fupid,0,1,1
fur,1,0,1
furious,0,6,6
furlough,1,0,1
further,1,2,3
fusion,1,1,2
fuss,1,0,1
fussed,0,1,1
fussy,1,0,1
fut,0,1,1
futuralogija,0,1,1
future,3,13,16
futuretweets,1,0,1
fuuuuuuuun,0,1,1
fuzzy,1,2,3
fwd,0,2,2
fyi,2,2,4
fyn,1,0,1
ga,2,0,2
gaaaaaaaaaaaad,1,0,1
gaat,0,1,1
gables,0,3,3
gac,1,0,1
gadget,0,2,2
gadgets,0,1,1
gaga,0,2,2
gagov,1,0,1
gah,3,0,3
gahh,1,0,1
gahhh,1,0,1
gain,1,1,2
gained,0,1,1
gal,1,0,1
galactic,1,0,1
galaxies,0,1,1
galizle,1,0,1
gallery,1,0,1
gallivanting,1,0,1
gallons,1,0,1
galore,0,1,1
galt,1,0,1
gama,1,0,1
game,16,21,37
gamer,1,0,1
games,6,7,13
gametap,1,0,1
gaming,0,4,4
gammie,1,0,1
ganda,0,1,1
gandhis,0,1,1
gang,0,1,1
ganging,1,0,1
ganna,1,0,1
gansta,1,0,1
garage,1,1,2
garance,0,1,1
garbage,1,0,1
garden,4,2,6
gardening,0,1,1
gargoyles,0,1,1
garlic,1,0,1
garmo,1,0,1
garr,1,0,1
gary,1,1,2
gas,4,0,4
gasit,0,1,1
gasp,2,0,2
gaspar,0,1,1
gastric,2,0,2
gastroscopy,1,0,1
gate,1,0,1
gather,1,0,1
gatorade,1,0,1
gaux,1,0,1
gave,14,6,20
gavin,0,2,2
gawd,1,0,1
gawddamnit,1,0,1
gawjuss,0,1,1
gay,4,3,7
gazz,3,0,3
gb,7,3,10
gbs,0,1,1
gcap,1,0,1
gd,3,2,5
gear,1,2,3
gears,0,1,1
gee,1,2,3
geee,1,0,1
geeeeee,1,0,1
geek,2,3,5
geekery,0,1,1
geekette,1,0,1
geeking,0,1,1
geekyness,0,1,1
geem,1,0,1
geez,1,2,3
gefelicidingest,0,1,1
geforce,1,0,1
geisha,0,1,1
gelukkig,0,1,1
gemiddelde,1,0,1
gemma,1,0,1
gen,1,0,1
gender,0,1,1
general,2,4,6
generally,1,0,1
generation,0,1,1
generic,0,2,2
geneseo,1,0,1
genius,0,2,2
genre,0,1,1
genting,1,0,1
gentle,0,3,3
geo,1,0,1
geoff,0,1,1
geography,0,1,1
geopolitical,0,1,1
georg,0,1,1
george,0,5,5
georgia,2,3,5
ger,2,0,2
gerade,0,2,2
german,4,3,7
germandoo,0,2,2
germans,0,1,1
germany,3,6,9
gest,1,0,1
get,269,207,476
gets,15,6,21
gettin,8,2,10
getting,90,63,153
gf,1,5,6
gft,1,0,1
gg,0,2,2
gggrrrr,1,0,1
ggui,0,2,2
gh,0,3,3
gherkins,0,1,1
ghetto,2,0,2
ghods,0,1,1
ghost,3,2,5
ghostbusters,1,0,1
ghostland,0,1,1
ghosts,0,1,1
ghwt,1,0,1
gi,2,0,2
gia,1,0,1
gianetta,1,0,1
giant,2,4,6
giants,0,1,1
gibbo,1,0,1
gibson,0,2,2
giddy,0,1,1
gift,4,6,10
gig,6,4,10
giggle,2,0,2
gigglessssssss,0,1,1
gigs,2,5,7
giiirl,1,0,1
gilad,1,0,1
gilles,0,2,2
gillmor,0,1,1
gimme,1,2,3
gimmicks,1,0,1
gina,1,0,1
gingerale,1,0,1
ginormica,0,1,1
gio,1,0,1
giraffe,0,1,1
girl,20,29,49
girlfriend,2,4,6
girlguidecookies,0,1,1
girlie,0,2,2
girllllll,0,1,1
girllllllllll,1,0,1
girls,9,8,17
girlsbydesign,0,2,2
girly,1,6,7
git,1,3,4
giv,0,1,1
give,28,35,63
given,5,5,10
giver,1,0,1
gives,2,4,6
giving,6,3,9
gizmo,1,0,1
gl,1,0,1
glad,12,69,81
gladly,0,1,1
glam,1,0,1
glasgow,0,1,1
glass,2,2,4
glasses,6,1,7
glasshouse,2,0,2
glasto,7,0,7
glastonbury,3,0,3
glau,0,2,2
glazed,0,1,1
glenn,1,0,1
glitter,0,1,1
gljufura,1,0,1
globe,0,3,3
gloomy,1,1,2
glorious,2,2,4
glue,0,1,1
gluten,1,0,1
gm,0,1,1
gma,1,1,2
gmail,5,1,6
gmic,0,1,1
gmsq,0,1,1
gmt,1,0,1
gnight,0,1,1
gnite,1,2,3
go,269,169,438
goa,0,1,1
goal,1,2,3
goats,0,1,1
goblin,0,1,1
god,50,30,80
goddamn,0,1,1
goddamnit,1,0,1
goddd,1,0,1
goddess,0,3,3
godfather,0,1,1
gods,0,2,2
godsend,0,1,1
godson,0,1,1
goes,14,14,28
goig,1,0,1
goin,11,8,19
going,183,206,389
goinig,0,1,1
gold,1,2,3
golda,0,2,2
golden,2,1,3
goldfish,1,1,2
goldie,1,0,1
golf,4,1,5
golfball,0,1,1
golly,1,0,1
gona,2,2,4
gone,37,10,47
goneback,0,1,1
gong,1,0,1
gonna,77,43,120
gonnna,1,0,1
gonuts,0,1,1
gonzalez,1,0,1
gonzo,0,1,1
goo,1,1,2
good,186,420,606
goodbye,25,1,26
goodbyes,1,0,1
gooddd,0,1,1
goodie,0,1,1
goodies,0,3,3
goodluck,0,2,2
goodman,0,2,2
goodmorning,4,2,6
goodness,3,8,11
goodnight,0,45,45
goodnightttttt,0,1,1
goods,0,1,1
goodtimes,0,1,1
goody,1,1,2
gooey,0,1,1
goofballism,1,0,1
goofing,1,0,1
goofy,1,0,1
goog,0,1,1
google,2,4,6
googling,0,1,1
gooo,1,0,1
goood,1,3,4
gooodnight,0,1,1
gooodnyt,0,1,1
gooooo,1,0,1
goooood,0,2,2
goooooo,1,0,1
gooooood,0,2,2
goooooood,0,4,4
gooooooood,0,2,2
gooooooooood,0,2,2
goooooooooood,0,1,1
goose,2,1,3
gopets,1,0,1
gorge,0,1,1
gorgeous,4,7,11
gorgeoussssss,0,1,1
gos,1,0,1
gosh,13,5,18
goshh,1,0,1
goshhh,1,0,1
goshhhhhhhhhh,1,0,1
gospel,0,2,2
goss,1,0,1
gosselins,1,0,1
gossip,1,2,3
gossipgirl,0,1,1
got,200,164,364
gota,1,1,2
gotchu,0,1,1
gothic,0,1,1
gotmilk,0,1,1
gots,0,1,1
gott,0,1,1
gotta,32,26,58
gotten,2,3,5
gotts,1,0,1
gov,1,1,2
govanhill,0,1,1
govenor,1,0,1
government,1,2,3
gown,0,1,1
gowns,0,1,1
gp,1,0,1
gpl,1,0,1
gpoing,1,0,1
gpokr,0,1,1
gps,1,0,1
gr,1,3,4
grab,2,2,4
grabbed,0,1,1
grabbing,0,1,1
grabe,1,0,1
grace,0,1,1
gracious,0,1,1
grad,2,0,2
grade,6,2,8
graders,0,1,1
gradients,0,1,1
gradually,1,0,1
graduands,1,0,1
graduate,2,0,2
graduated,0,1,1
graduatiion,1,0,1
graduation,6,4,10
graft,1,0,1
graham,1,0,1
grampy,1,0,1
grams,0,1,1
grana,0,1,1
grand,2,3,5
grandad,0,2,2
grandads,1,0,1
grandfather,1,0,1
grandma,7,1,8
grandmother,1,1,2
grandpa,4,2,6
grandparents,0,3,3
granffathers,1,0,1
granma,0,1,1
grannies,1,0,1
granola,1,0,1
granted,1,0,1
granular,0,1,1
grapes,0,2,2
graph,0,1,1
graphic,0,1,1
graphics,1,0,1
grass,4,2,6
grateful,1,8,9
gratitude,0,2,2
gratz,0,1,1
grave,1,0,1
greaaat,0,1,1
great,48,142,190
greater,0,2,2
greatest,1,4,5
greatly,1,1,2
greattt,0,1,1
grebel,0,1,1
greece,1,0,1
greed,0,1,1
greeeeeaaaaaatttt,1,0,1
greek,2,4,6
greekfest,1,0,1
green,7,11,18
greenbelt,0,1,1
greening,0,1,1
greet,0,1,1
greeting,0,2,2
greetings,0,4,4
greets,0,1,1
grew,2,2,4
grey,4,2,6
greyish,0,1,1
greys,1,0,1
griffin,0,1,1
grill,0,1,1
grilled,0,1,1
grim,3,0,3
grin,0,2,2
grinch,0,1,1
grind,0,1,1
grindin,0,1,1
grins,0,1,1
grip,0,1,1
grisly,0,1,1
grist,0,1,1
grocery,1,0,1
groggy,1,0,1
groin,1,0,1
groove,0,1,1
grooves,0,1,1
gross,7,1,8
grossed,1,0,1
grossenhain,1,0,1
ground,0,1,1
grounded,1,0,1
grounds,1,0,1
group,2,7,9
groups,1,1,2
groupthing,1,0,1
grow,3,1,4
growin,1,0,1
growing,6,2,8
growl,0,1,1
growling,1,0,1
growls,1,0,1
grown,2,1,3
grownup,0,1,1
grows,1,1,2
growth,1,0,1
grps,0,1,1
grr,4,1,5
grreat,1,0,1
grrr,1,1,2
grrrh,1,0,1
grrrr,4,0,4
grrrrr,0,1,1
grrrrrr,1,0,1
grrrrrrr,2,1,3
grrrrrrrrr,1,0,1
grubb,0,1,1
grumble,1,0,1
grumbled,1,0,1
grumbling,0,1,1
grump,3,0,3
grumpy,2,0,2
gs,5,0,5
gse,1,0,1
gsoc,0,1,1
gt,2,1,3
gta,1,1,2
gtx,1,0,1
guard,0,1,1
guatemala,1,0,1
gud,0,1,1
guess,46,28,74
guessed,1,0,1
guesses,0,1,1
guessing,2,1,3
guest,0,2,2
guia,0,1,1
guide,2,0,2
guidebook,0,1,1
guilt,1,0,1
guilty,10,2,12
guinea,0,2,2
guineapig,0,1,1
guinness,1,0,1
guipulp,0,1,1
guitar,4,2,6
guitarr,0,1,1
guitarriot,1,0,1
gulf,0,1,1
gulp,1,0,1
gum,0,1,1
gumaling,0,1,1
gummy,0,1,1
guna,1,0,1
gunna,4,2,6
gunnna,0,1,1
gunnnna,1,0,1
guns,0,1,1
guppy,1,0,1
gupshup,1,0,1
gurl,0,10,10
gurrrll,1,0,1
gurus,1,0,1
gushing,1,0,1
gusta,1,0,1
gut,1,0,1
guts,1,0,1
gutted,6,0,6
gutting,1,0,1
guy,18,17,35
guys,40,50,90
guyz,1,0,1
gvshc,0,1,1
gw,1,1,2
gyal,0,1,1
gyan,0,1,1
gym,8,10,18
gymnastics,1,0,1
gyms,0,1,1
ha,7,20,27
haa,1,4,5
haaa,1,0,1
haaaaa,1,0,1
haaaaaaaaahahahahahah,0,1,1
haaay,1,0,1
haarlem,1,0,1
haarp,0,1,1
haay,0,1,1
habanero,1,0,1
habe,0,1,1
habit,2,1,3
hacked,1,0,1
hacker,0,2,2
hacking,1,0,1
had,183,119,302
hadn,3,1,4
hadnt,0,1,1
hagan,1,0,1
hah,1,3,4
haha,55,111,166
hahaa,0,1,1
hahaaa,0,1,1
hahah,3,4,7
hahaha,6,27,33
hahahah,1,2,3
hahahaha,1,4,5
hahahahaha,0,1,1
hahahahaing,1,0,1
hahahha,0,2,2
hahas,0,1,1
hahawell,0,1,1
hahha,2,1,3
hahhahahaa,0,1,1
hai,0,1,1
hail,1,0,1
hailing,1,0,1
hain,2,0,2
hair,47,23,70
haircut,2,1,3
hairdresser,1,0,1
hairdressers,0,1,1
haired,1,0,1
hairrrrr,1,0,1
hairspray,1,1,2
hairstyle,2,0,2
hairthing,1,0,1
haiyaa,0,1,1
haiz,1,0,1
haizzz,1,0,1
hakavod,0,1,1
half,25,11,36
halfords,1,0,1
hallie,1,0,1
hallo,0,1,1
halloween,1,2,3
halls,0,1,1
ham,0,1,1
hamaray,1,0,1
hamburgers,0,1,1
hamil,0,1,1
hamlet,0,1,1
hammer,1,0,1
hamptons,1,0,1
hamstring,1,0,1
hamsty,0,1,1
hamu,0,1,1
hancock,1,0,1
hand,9,10,19
handcoding,0,1,1
handed,1,0,1
handful,0,1,1
handle,7,1,8
handled,1,0,1
handler,1,0,1
handrolls,0,1,1
hands,4,4,8
handsome,1,0,1
handwriting,1,0,1
handwrote,0,1,1
hang,4,5,9
hangbags,0,1,1
hanger,1,0,1
hanging,3,8,11
hangout,0,1,1
hangover,1,0,1
hani,0,1,1
hank,0,1,1
hankering,0,1,1
hannah,2,5,7
happen,11,17,28
happened,19,3,22
happening,4,5,9
happens,10,6,16
happi,0,1,1
happier,0,4,4
happily,1,1,2
happiness,1,2,3
happpy,0,1,1
happy,35,109,144
har,0,3,3
harassing,0,1,1
harbor,3,0,3
hard,30,21,51
hardcore,2,3,5
harder,6,6,12
hardest,4,1,5
hardley,1,0,1
hardly,3,3,6
hardy,1,0,1
harley,0,1,1
harness,0,1,1
harold,0,1,1
harris,2,1,3
harrison,0,1,1
harrow,0,1,1
harry,1,2,3
haruhi,1,0,1
harvey,1,0,1
has,207,66,273
hasbro,1,0,1
hash,0,2,2
hasn,5,2,7
hasnt,2,0,2
hassle,2,1,3
hast,1,0,1
hasta,1,1,2
haste,1,0,1
hat,2,4,6
hate,88,17,105
hated,3,0,3
hateedddd,1,0,1
haters,18,0,18
hates,5,2,7
hatin,1,0,1
hating,1,0,1
hatred,0,1,1
hats,0,2,2
hatte,0,2,2
haueaueua,1,0,1
haul,1,0,1
haumean,1,0,1
haunt,0,1,1
haunting,1,1,2
hav,9,3,12
have,447,414,861
haveing,0,1,1
haven,26,14,40
havent,6,6,12
havin,1,1,2
having,40,48,88
havoc,1,0,1
hawaii,1,2,3
hawaiian,0,1,1
hawley,0,1,1
hawn,1,0,1
hawt,2,0,2
hawx,0,1,1
hay,2,3,5
haydn,0,1,1
hayfever,5,0,5
hayles,1,0,1
haylie,0,1,1
hays,1,0,1
hayy,0,1,1
haz,2,1,3
hazard,1,0,1
hazardous,0,1,1
hazrat,1,0,1
hazy,0,1,1
hb,0,3,3
hbo,1,0,1
hbu,1,0,1
hcc,0,1,1
hd,1,1,2
hdd,1,0,1
he,97,106,203
head,31,21,52
headache,33,2,35
headaches,1,0,1
headachhhhe,1,0,1
headbanging,0,1,1
headed,4,5,9
headin,1,1,2
heading,11,10,21
headings,0,1,1
headless,0,1,1
headline,1,1,2
headphones,1,1,2
heads,5,4,9
headset,0,1,1
headshot,1,0,1
heah,0,1,1
heal,2,1,3
healed,0,1,1
health,4,3,7
healthy,3,4,7
healty,1,0,1
heaps,0,3,3
hear,52,23,75
heard,22,9,31
hearing,2,3,5
heart,18,10,28
heartbreak,1,0,1
heartbreaken,1,0,1
heartbreaking,4,0,4
heartbroken,2,0,2
hearted,2,1,3
heartedly,1,0,1
hearth,0,1,1
hearts,1,2,3
heat,18,4,22
heated,1,0,1
heater,0,1,1
heather,0,1,1
heating,1,0,1
heaven,12,3,15
heavenly,0,2,2
heavily,2,0,2
heavy,3,2,5
hebden,0,1,1
hebrew,1,1,2
heck,1,1,2
hectic,1,1,2
heeeeeeeeey,0,1,1
heeellpppp,1,0,1
heehee,0,1,1
heel,1,0,1
heels,2,2,4
heey,0,1,1
heh,1,15,16
hehe,8,36,44
hehee,0,1,1
heheh,0,1,1
hehehe,1,6,7
hehehee,0,1,1
hehehehe,1,0,1
hehehehehe,0,2,2
hehehehehehe,1,0,1
hei,0,1,1
heidi,1,1,2
height,0,1,1
heights,2,1,3
held,1,2,3
helio,1,0,1
hell,17,12,29
hella,3,2,5
hellicopter,1,0,1
hellish,0,1,1
hello,7,23,30
hellooooooooo,0,1,1
hellos,0,1,1
hells,0,2,2
hellyeah,0,1,1
hellz,0,1,1
helmet,1,1,2
help,44,34,78
helped,0,2,2
helper,0,1,1
helpful,1,3,4
helping,3,4,7
helps,0,6,6
hemel,0,1,1
hemo,1,0,1
hemoglobin,1,0,1
hempstead,0,1,1
henrie,1,0,1
henry,1,2,3
hepcat,1,0,1
her,193,60,253
herbal,0,1,1
herbert,0,2,2
hercules,2,0,2
herd,0,1,1
herder,0,1,1
here,121,119,240
hereee,1,0,1
heres,0,2,2
heritage,1,0,1
hermans,0,1,1
hermes,1,0,1
hermits,0,1,1
hero,4,3,7
heroes,0,5,5
herr,1,0,1
herrr,0,1,1
hers,1,0,1
herself,4,0,4
hes,7,2,9
hesitate,0,1,1
het,0,1,1
hewis,0,1,1
hewit,1,0,1
hewitt,1,0,1
hey,27,72,99
heya,0,1,1
heydemi,0,1,1
heyxboxlive,0,1,1
heyy,0,4,4
heyyyy,0,2,2
heyyyyy,0,2,2
heyyyyyy,0,1,1
heyyyyyyyyyyy,0,1,1
hhh,1,0,1
hhhmmm,0,1,1
hhmm,0,1,1
hhmmm,1,0,1
hhrs,0,1,1
hi,16,49,65
hiatus,0,1,1
hibernating,1,0,1
hiccups,0,1,1
hid,0,1,1
hidden,1,0,1
hidding,1,0,1
hide,2,1,3
hideous,1,0,1
hiding,0,1,1
hierd,0,1,1
higgggh,0,1,1
high,8,8,16
highest,0,1,1
highland,1,0,1
highlight,0,1,1
highlighter,0,1,1
highlights,0,2,2
highly,0,3,3
highschool,1,0,1
highscore,1,0,1
hightech,0,1,1
hightlight,1,0,1
highway,0,1,1
hihi,0,2,2
hiii,0,1,1
hiiiii,0,1,1
hijack,1,0,1
hike,0,1,1
hiking,2,1,3
hilarious,0,9,9
hilariously,1,0,1
hilary,0,1,1
hill,2,3,5
hillarious,0,1,1
hills,1,10,11
hillssssss,0,1,1
hilton,1,0,1
hiltons,1,0,1
him,63,57,120
himself,0,2,2
hin,0,1,1
hinders,1,0,1
hint,2,3,5
hip,2,3,5
hippidy,0,1,1
hipster,1,1,2
hire,0,2,2
hired,0,1,1
hiring,1,1,2
hiro,0,1,1
his,44,48,92
historie,1,0,1
historrrrry,1,0,1
history,1,4,5
hit,9,13,22
hitchin,1,0,1
hitchman,0,1,1
hithavaru,0,1,1
hits,2,1,3
hitten,0,1,1
hittin,0,1,1
hitting,4,2,6
hittman,1,0,1
hiya,0,4,4
hk,0,2,2
hko,0,1,1
hl,0,1,1
hlww,0,1,1
hm,2,7,9
hmm,13,14,27
hmmm,4,9,13
hmmmm,0,2,2
hmmmmm,1,0,1
ho,4,4,8
hobbits,0,1,1
hockey,2,0,2
hoe,0,1,1
hoffentlich,1,0,1
hogan,1,0,1
hoho,1,0,1
hol,0,1,1
hola,0,3,3
hold,11,3,14
holder,1,0,1
holdin,2,0,2
holding,2,2,4
holds,0,3,3
holic,0,1,1
holiday,12,11,23
holidayholiday,0,1,1
holidays,1,13,14
holla,2,2,4
holler,0,1,1
hollered,2,0,2
holliday,0,1,1
hollleer,0,1,1
hollows,0,1,1
holly,1,0,1
hollyoaks,2,0,2
hollywood,4,1,5
hols,0,1,1
holy,5,6,11
holyshitholyshitholyshitholyshit,0,1,1
homage,1,0,1
homance,0,1,1
homances,0,1,1
home,115,89,204
homebase,1,0,1
homeboy,0,1,1
homeee,1,2,3
homeeeee,1,0,1
homeland,1,0,1
homeless,1,0,1
homemade,2,0,2
homepage,1,0,1
homes,0,1,1
homeschool,1,0,1
homeward,1,0,1
homework,10,5,15
homewrecking,1,0,1
homey,0,1,1
homfgg,1,0,1
homie,1,0,1
homies,1,1,2
homo,0,1,1
hon,0,2,2
hone,1,0,1
honest,1,1,2
honestly,4,2,6
honesty,1,0,1
honey,8,6,14
honeybun,0,1,1
hong,0,1,1
honor,5,1,6
honorable,0,1,1
honored,0,2,2
honoring,1,0,1
honoured,0,1,1
hoo,5,0,5
hood,1,0,1
hoodie,1,0,1
hoodies,0,1,1
hook,2,3,5
hooked,3,2,5
hooker,0,1,1
hookie,0,1,1
hooking,1,0,1
hookitupppp,0,1,1
hoon,1,0,1
hooomee,0,1,1
hoooooooooome,0,1,1
hooray,2,2,4
hoot,1,0,1
hoover,2,0,2
hoow,0,1,1
hop,1,3,4
hope,78,122,200
hopeful,1,0,1
hopefully,17,13,30
hopefuly,0,1,1
hopeless,2,0,2
hopes,6,3,9
hopin,0,2,2
hoping,17,6,23
hopkins,0,1,1
hoppers,0,1,1
horibbble,1,0,1
horible,1,0,1
hormone,0,1,1
hornbach,0,2,2
horner,1,0,1
horns,1,0,1
horny,0,1,1
horray,0,1,1
horrible,12,2,14
horribles,0,1,1
horribly,3,1,4
horrific,1,0,1
horror,1,2,3
horse,0,2,2
horses,0,2,2
hose,0,1,1
hospital,22,3,25
hospitals,0,1,1
host,1,0,1
hosted,1,0,1
hostel,2,0,2
hosters,0,1,1
hostess,1,1,2
hostility,0,1,1
hosting,0,1,1
hosts,0,1,1
hot,78,26,104
hotbabe,0,1,1
hotdog,1,0,1
hotel,6,3,9
hotels,0,2,2
hott,2,0,2
hotter,2,1,3
hottest,0,1,1
hottie,2,0,2
hotttt,1,0,1
hotu,1,0,1
hotx,0,1,1
hou,1,0,1
hound,0,1,1
hour,27,27,54
hourly,0,1,1
hours,46,27,73
house,44,32,76
household,0,3,3
houseofgems,1,0,1
houses,2,0,2
housetrained,1,0,1
housewifey,0,1,1
housework,1,2,3
housie,0,1,1
housing,1,0,1
houston,3,1,4
hover,0,1,1
hovering,0,1,1
how,137,146,283
howard,0,1,1
howdy,0,3,3
however,6,3,9
hows,3,9,12
hp,1,3,4
hpthemusical,1,0,1
hq,2,0,2
hr,4,3,7
hrere,0,1,1
hrim,0,1,1
hrs,10,5,15
hsm,1,0,1
htc,2,1,3
html,0,6,6
http,2,0,2
htwn,0,1,1
hu,0,1,1
hua,1,0,1
hub,1,1,2
hubby,2,6,8
hubz,1,0,1
huckdoll,0,1,1
huckleberri,0,1,1
hug,8,4,12
huge,8,6,14
hugged,1,1,2
huggers,0,1,1
huggies,0,1,1
huggles,1,0,1
huggs,0,1,1
hugh,0,1,1
hughes,0,1,1
hughesy,0,1,1
huglove,0,1,1
hugs,9,8,17
hugsssssssss,0,1,1
hugzzzzzzz,1,0,1
hugzzzzzzzzzzzz,2,0,2
huh,4,5,9
huhauha,1,0,1
huhh,0,1,1
hulk,0,1,1
hulu,0,1,1
hum,1,1,2
humans,1,1,2
humid,3,1,4
humidity,1,0,1
humiliated,1,0,1
humm,0,1,1
hummer,0,1,1
hummingbird,1,0,1
hummm,0,1,1
humor,0,3,3
humorless,1,0,1
humour,0,2,2
hump,0,1,1
humus,1,0,1
hun,5,7,12
hunch,0,2,2
hundred,0,1,1
hung,2,0,2
hungarian,0,2,2
hunger,1,0,1
hungover,1,0,1
hungrey,0,1,1
hungry,23,7,30
hunney,1,0,1
hunny,0,1,1
hunnybunny,0,1,1
hunt,1,3,4
hunter,1,0,1
hunters,1,1,2
hunting,2,4,6
huntington,1,0,1
hunz,0,1,1
hurley,0,2,2
hurrah,0,1,1
hurray,0,1,1
hurricane,0,1,1
hurrt,1,0,1
hurry,1,2,3
hurt,26,5,31
hurting,3,2,5
hurts,35,3,38
hurumf,1,0,1
husband,6,3,9
husbands,1,0,1
huw,1,0,1
hv,1,2,3
hve,1,0,1
hving,1,0,1
hvnt,1,0,1
hw,2,0,2
hy,0,1,1
hybrid,2,0,2
hyde,1,0,1
hye,0,1,1
hym,1,0,1
hyper,1,1,2
hysterical,0,1,1
ia,1,0,1
iad,0,1,1
iain,0,3,3
ian,1,1,2
iata,0,1,1
ibiza,0,1,1
ibrahim,1,0,1
ibu,0,1,1
ic,2,0,2
ice,3,12,15
iced,2,0,2
ich,0,2,2
ichat,0,2,2
icky,1,0,1
icon,12,2,14
icons,3,0,3
ics,1,0,1
icsid,1,0,1
ictoria,0,1,1
icy,1,1,2
id,5,9,14
idc,1,0,1
idea,19,18,37
ideally,0,1,1
ideas,5,6,11
identi,1,0,1
identica,4,0,4
identified,1,0,1
identifox,1,0,1
identity,0,1,1
idiot,3,2,5
idiots,2,0,2
idk,15,2,17
idkk,1,0,1
idol,1,2,3
idw,1,0,1
ie,3,4,7
ieft,1,0,1
if,124,181,305
iframeshim,1,0,1
ifs,0,1,1
ifurnastee,0,1,1
ight,1,0,1
iglesia,0,1,1
ignore,1,2,3
ignored,2,1,3
ignoring,1,0,1
igoogle,0,1,1
ihad,1,2,3
ihadith,0,1,1
ihop,1,0,1
ii,2,2,4
iii,0,2,2
iin,0,1,1
iirc,2,0,2
ike,1,0,1
ikea,0,2,2
il,0,1,1
ili,0,1,1
ill,22,12,34
illegal,1,0,1
illest,1,0,1
illiterate,1,0,1
illuminous,1,0,1
ilove,0,1,1
iloveyou,0,1,1
ilu,0,1,1
iluma,0,1,1
ilusm,1,0,1
ilux,1,0,1
ily,5,3,8
ilytoo,0,1,1
im,165,96,261
ima,3,2,5
image,2,3,5
images,2,0,2
imaginary,1,0,1
imagine,6,2,8
imagined,0,2,2
imediaconnection,0,1,1
iming,1,0,1
imisshim,1,0,1
imissyou,0,1,1
imm,1,1,2
imma,2,0,2
immediate,0,1,1
immediately,0,1,1
imminent,1,0,1
immune,1,0,1
imp,0,1,1
impersonation,0,1,1
implement,1,0,1
importance,0,1,1
important,1,4,5
imported,0,1,1
impossible,5,3,8
impotent,0,1,1
impressed,2,3,5
impressions,0,1,1
impressive,1,2,3
improper,1,0,1
improve,0,1,1
improvement,1,1,2
improving,2,2,4
in,777,659,1436
ina,1,0,1
inadvertently,0,1,1
inappropriate,0,1,1
inappropriately,0,1,1
inbox,1,1,2
inc,1,1,2
incendiary,0,1,1
inches,1,0,1
incidentally,0,1,1
incl,0,1,1
inclined,1,0,1
include,0,4,4
included,0,2,2
including,4,1,5
includng,1,0,1
inclusive,0,2,2
income,1,0,1
incomplete,1,0,1
incorporate,0,1,1
increase,2,1,3
increasing,0,1,1
incredible,1,3,4
incredibly,4,1,5
incremental,0,1,1
incubus,0,1,1
indeed,4,8,12
independently,1,0,1
indesign,0,1,1
indexes,1,0,1
india,1,4,5
indian,1,2,3
indiana,1,0,1
indie,0,3,3
indigenous,0,1,1
indisputable,0,1,1
individuals,1,0,1
indonesian,0,1,1
indoors,1,0,1
indowebster,0,1,1
induced,2,0,2
induces,0,1,1
inducted,0,1,1
indulge,0,1,1
industry,0,1,1
indy,0,1,1
inertia,0,1,1
inevitable,1,3,4
infact,0,1,1
infamous,1,0,1
infatuated,0,1,1
infected,1,0,1
infection,6,0,6
inflicted,0,1,1
influence,0,1,1
influenza,1,0,1
info,6,9,15
informatic,1,0,1
information,1,3,4
informations,1,0,1
informative,0,1,1
infrastructure,1,0,1
infront,1,0,1
ing,2,4,6
ingrained,1,0,1
ingredient,1,0,1
ingredients,0,1,1
inhibits,1,0,1
init,1,0,1
initial,0,1,1
initiatives,2,0,2
injected,0,1,1
injured,4,0,4
injury,0,2,2
ink,2,0,2
inner,2,0,2
innocent,0,1,1
ino,1,0,1
input,0,2,2
ins,1,0,1
insane,2,3,5
insecure,1,1,2
inseperable,1,0,1
insert,1,0,1
inside,14,11,25
insights,0,1,1
insirstion,0,1,1
insomnia,2,2,4
inspected,1,0,1
inspection,1,0,1
inspiration,4,4,8
inspirational,1,0,1
inspire,0,1,1
inspired,1,1,2
inspiring,1,0,1
install,2,1,3
installation,1,1,2
installed,1,4,5
installer,0,1,1
installing,1,2,3
installs,1,0,1
instantly,1,1,2
instead,9,6,15
institutions,0,1,1
instructions,0,1,1
instruments,0,1,1
insubordination,1,0,1
insulted,1,0,1
insurance,3,1,4
int,0,1,1
integer,1,0,1
integrate,0,3,3
integrated,1,0,1
intelligent,0,2,2
intended,1,0,1
intending,0,1,1
intense,0,2,2
intensive,1,0,1
intensively,0,1,1
intentional,0,1,1
interaction,0,1,1
interested,1,7,8
interesting,11,26,37
interface,0,1,1
interference,1,0,1
interiors,0,1,1
internal,1,1,2
international,1,1,2
internet,24,16,40
internets,2,0,2
interns,1,0,1
internship,2,1,3
interpret,0,1,1
interpretor,0,1,1
interruption,0,1,1
interview,7,15,22
interviewing,0,1,1
interviews,0,1,1
interwebs,0,2,2
interwebz,1,0,1
into,28,47,75
intro,0,2,2
introduced,0,1,1
introducing,0,1,1
intruder,0,1,1
intvu,1,0,1
invent,1,0,1
inventive,0,1,1
inventor,0,1,1
investigate,0,1,1
invisible,2,0,2
invite,2,5,7
invited,3,0,3
invites,0,1,1
involve,2,0,2
involved,1,1,2
iou,1,0,1
iowa,0,1,1
ipb,0,1,1
iphone,26,16,42
iphones,0,1,1
iphoto,0,1,1
ipink,1,0,1
iplayer,2,0,2
ipod,11,12,23
ipt,0,1,1
iran,1,0,1
iranelection,4,0,4
iraq,0,1,1
irb,1,0,1
ireland,1,2,3
irish,1,1,2
iritatng,1,0,1
irl,0,1,1
iron,5,4,9
irrational,0,1,1
irregular,0,1,1
irrelevant,0,1,1
irreparable,0,1,1
irresistible,0,1,1
irresponsible,1,1,2
irritable,1,0,1
irritating,1,0,1
is,877,727,1604
isa,1,2,3
isabeau,1,0,1
isabel,1,0,1
isengard,0,1,1
ish,3,8,11
ishihara,0,1,1
ishtudei,1,0,1
island,0,2,2
islands,1,0,1
isle,1,0,1
isme,1,0,1
isn,37,13,50
isnt,4,0,4
isobel,0,1,1
isolation,0,1,1
isorrie,1,0,1
ispunk,1,0,1
issue,6,0,6
issues,1,2,3
ist,2,1,3
istilah,0,1,1
istore,0,1,1
it,891,1026,1917
italia,0,1,1
italian,4,3,7
italienische,1,0,1
italy,1,0,1
itc,0,1,1
itching,1,0,1
itchyyy,1,0,1
item,0,2,2
items,1,2,3
ith,0,1,1
itinerary,1,0,1
itlay,1,0,1
its,173,128,301
itself,0,1,1
itsuki,1,0,1
itt,1,0,1
itttsss,0,1,1
itunes,7,6,13
iuehasxb,0,1,1
ius,1,0,1
iv,2,0,2
ive,17,9,26
ivent,0,1,1
ives,0,1,1
ivy,1,0,1
iwas,0,1,1
iz,0,1,1
izon,0,1,1
izzo,0,1,1
jaa,1,0,1
jaaaaaah,0,1,1
jaadu,0,1,1
jab,1,0,1
jac,0,1,1
jace,0,1,1
jack,1,3,4
jacked,2,0,2
jackee,1,0,1
jackets,0,1,1
jackman,0,1,1
jacks,1,0,1
jackson,1,0,1
jacksonville,0,1,1
jacky,0,1,1
jacob,1,0,1
jacobs,1,1,2
jacqui,0,1,1
jacuzzi,0,1,1
jai,0,3,3
jail,2,2,4
jailbreak,1,0,1
jailbreakland,1,0,1
jakarta,3,0,3
jake,0,1,1
jakob,1,0,1
jam,1,2,3
jamaica,1,0,1
jamba,1,0,1
james,3,3,6
jamie,1,0,1
jammie,0,1,1
jammin,0,1,1
jamming,0,1,1
jammy,0,1,1
jan,0,1,1
jane,1,2,3
janets,0,1,1
janis,0,1,1
january,2,0,2
japan,4,2,6
japanese,1,0,1
jar,0,2,2
jared,0,5,5
jargons,0,1,1
jarnail,0,2,2
jas,0,1,1
jasmine,0,2,2
jason,2,0,2
jaunty,2,0,2
jaw,1,1,2
jawab,1,0,1
jax,1,1,2
jay,2,5,7
jaye,1,0,1
jaz,0,1,1
jb,2,2,4
je,0,1,1
jealous,9,9,18
jealousy,1,0,1
jeans,1,7,8
jeep,2,0,2
jeepers,0,1,1
jeez,2,0,2
jeff,0,1,1
jeffree,1,2,3
jelez,1,0,1
jello,1,0,1
jelly,0,1,1
jelous,1,1,2
jenga,1,0,1
jennifer,0,2,2
jenny,0,3,3
jennys,1,1,2
jep,0,1,1
jeremy,0,2,2
jerk,5,2,7
jerry,0,1,1
jers,1,0,1
jersey,1,2,3
jess,0,1,1
jesse,1,0,1
jessica,0,3,3
jesus,1,3,4
jet,1,0,1
jeter,0,1,1
jetski,1,0,1
jhann,1,0,1
jhoke,0,1,1
jif,0,1,1
jigglefest,1,0,1
jill,4,1,5
jim,1,2,3
jimmy,1,0,1
jingles,1,0,1
jings,1,0,1
jinro,0,1,1
jinx,1,0,1
jinxed,2,0,2
jinxs,1,0,1
jix,0,1,1
jizzin,0,1,1
jj,1,0,1
jjust,1,0,1
jk,5,4,9
jo,4,5,9
job,32,27,59
jobs,3,1,4
joburg,0,1,1
joe,4,3,7
joel,1,0,1
joesus,1,0,1
joey,2,4,6
jog,0,2,2
jogging,0,2,2
johanna,0,1,1
john,3,4,7
johnnie,0,1,1
johnny,2,1,3
johnson,0,2,2
join,6,10,16
joined,2,7,9
joining,1,1,2
joke,5,1,6
jokejokejoke,1,0,1
jokes,2,2,4
joking,1,0,1
jolie,0,1,1
jon,1,16,17
jonandkate,1,0,1
jonanthan,0,1,1
jonas,2,2,4
jonathan,0,2,2
jones,1,0,1
jonny,1,0,1
joolz,0,1,1
jooooordan,0,1,1
jop,0,1,1
joplin,0,1,1
jordan,4,10,14
jorie,1,0,1
jose,1,3,4
josef,0,1,1
josh,2,0,2
joshua,2,0,2
josui,0,1,1
journal,1,1,2
journalism,0,1,1
journalists,0,1,1
journey,3,0,3
journo,0,1,1
joy,4,11,15
joypod,1,0,1
joys,2,0,2
jpeg,0,1,1
jpegs,0,1,1
jpp,0,1,1
jr,2,0,2
js,0,1,1
jsmith,1,0,1
jst,0,1,1
jsut,1,1,2
jt,3,0,3
jtv,1,0,1
juan,1,0,1
juani,1,0,1
juat,1,0,1
jubilee,0,1,1
judge,0,1,1
judging,0,1,1
juggernaut,0,1,1
juggle,0,1,1
juice,4,2,6
juin,1,0,1
jujubee,1,0,1
julie,0,1,1
juliet,0,1,1
july,20,0,20
julyyyyy,0,1,1
jump,2,5,7
jumped,1,2,3
jumper,1,0,1
jumping,1,3,4
jumps,0,2,2
june,6,2,8
jungle,2,1,3
juni,1,0,1
junior,2,0,2
juniors,0,1,1
junk,1,2,3
juntar,1,0,1
jur,1,0,1
jury,1,1,2
jus,4,5,9
juss,1,0,1
jusssstt,0,1,1
just,434,421,855
justheard,0,1,1
justice,1,1,2
justifications,1,0,1
justin,1,1,2
justine,0,1,1
juz,0,2,2
jw,1,1,2
jzfflms,0,1,1
ka,3,0,3
kaayphone,0,1,1
kade,0,1,1
kae,1,0,1
kai,0,1,1
kaifeng,1,0,1
kailun,1,0,1
kaiser,0,1,1
kak,0,1,1
kal,0,1,1
kanina,0,1,1
kannagi,1,0,1
kanye,0,1,1
karaok,0,1,1
karaoke,1,1,2
karate,0,2,2
kardashian,0,1,1
karhi,0,1,1
karin,0,1,1
karina,1,0,1
karleigh,0,1,1
karma,3,2,5
karna,1,0,1
karro,0,1,1
kart,1,0,1
kasal,0,1,1
kasi,0,1,1
kat,2,1,3
katawa,1,0,1
kate,0,2,2
katesparty,0,1,1
katie,2,4,6
katies,0,1,1
katt,0,1,1
katy,2,1,3
kaushal,0,1,1
kawans,0,1,1
kay,0,2,2
kayaking,1,0,1
kaye,1,0,1
kayleigh,1,0,1
kb,0,1,1
kben,1,0,1
kbow,0,1,1
kbps,1,0,1
kc,0,2,2
kcc,1,0,1
kdkiqfbs,0,1,1
keally,0,1,1
keeen,0,1,1
keep,39,27,66
keepall,1,0,1
keeper,1,0,1
keepin,0,1,1
keeping,4,5,9
keeps,10,2,12
keine,1,0,1
keith,0,3,3
kelli,0,1,1
kelly,3,4,7
kellys,1,0,1
ken,1,0,1
kena,1,0,1
kennel,0,1,1
kenny,1,1,2
kent,0,1,1
kentucky,1,0,1
kenya,0,2,2
kept,5,5,10
ker,1,0,1
kerr,1,0,1
kevin,3,3,6
kevlar,0,1,1
kewl,0,2,2
key,2,1,3
keyboard,5,3,8
keyed,1,0,1
keygenkeyg,0,1,1
keynote,0,2,2
keyring,0,1,1
keys,6,2,8
keyword,0,1,1
keywords,0,1,1
kfanyc,0,1,1
kfest,1,0,1
khan,0,1,1
khichdi,1,0,1
khloe,1,0,1
kick,2,6,8
kickboxing,0,1,1
kicked,4,0,4
kicking,5,3,8
kicks,0,1,1
kid,9,6,15
kiddies,0,1,1
kiddin,0,2,2
kidding,1,2,3
kiddo,1,0,1
kiddos,0,1,1
kidnapped,1,0,1
kidney,2,0,2
kids,20,23,43
kidscleaning,0,1,1
kieren,1,0,1
kilian,0,1,1
kill,9,5,14
killed,5,1,6
killer,0,1,1
killerjo,0,1,1
killers,1,0,1
killing,10,2,12
killings,1,0,1
kills,1,0,1
kim,2,2,4
kimberface,1,0,1
kinabalu,0,1,1
kind,16,7,23
kinda,14,13,27
kindergarten,2,1,3
kinderporno,0,1,1
kindle,1,0,1
kindoff,1,0,1
kindred,0,1,1
kinds,2,2,4
king,5,1,6
kingda,1,0,1
kingdomguard,0,1,1
kings,0,1,1
kingston,0,1,1
kinky,0,1,1
kinokuniya,1,0,1
kir,1,0,1
kiraa,0,1,1
kirilenko,1,0,1
kirstie,0,1,1
kisha,0,1,1
kisi,1,0,1
kiss,3,2,5
kissed,0,1,1
kisses,0,1,1
kissing,1,0,1
kit,1,0,1
kita,1,0,1
kitchen,2,3,5
kittee,1,0,1
kitteh,0,1,1
kitten,4,0,4
kittenz,1,0,1
kitties,1,2,3
kitty,8,2,10
kiwi,0,4,4
kiya,0,1,1
kjaslgja,1,0,1
kleenexes,1,0,1
klg,1,1,2
klide,0,1,1
km,0,1,1
kming,0,1,1
kml,0,1,1
knee,4,1,5
knees,3,0,3
knew,10,10,20
knife,1,0,1
knight,1,6,7
knighty,0,1,1
knihy,0,1,1
knitted,0,1,1
knives,1,0,1
knnow,0,1,1
kno,4,2,6
knobs,0,1,1
knocked,0,1,1
knocking,0,1,1
knocky,0,1,1
knoooooooo,1,0,1
knorr,0,1,1
knot,1,0,1
know,162,170,332
knowing,1,3,4
known,3,2,5
knows,4,8,12
knoww,1,0,1
knowww,1,0,1
knw,3,1,4
knwo,2,0,2
ko,1,3,4
koala,0,1,1
kodachrome,1,0,1
kodoliga,0,1,1
koi,0,1,1
kok,0,1,1
kol,0,1,1
kong,3,2,5
konqueror,1,0,1
kooks,1,0,1
koolaid,1,1,2
koon,1,0,1
korea,2,2,4
korean,0,1,1
koreans,0,2,2
koree,1,0,1
korey,0,1,1
kotor,0,1,1
kp,1,0,1
kristin,0,1,1
krudd,0,1,1
kryptonite,0,1,1
kryten,0,1,1
kuantan,0,1,1
kuching,0,1,1
kudos,0,1,1
kuliah,1,0,1
kumar,0,1,1
kung,0,1,1
kurb,0,1,1
kutcher,0,1,1
kutner,0,3,3
kuwait,1,0,1
kuya,0,1,1
kwaito,0,1,1
kxjbq,0,1,1
ky,0,2,2
kyiv,0,1,1
kyle,0,1,1
kyoto,0,2,2
kyte,0,1,1
kz,1,0,1
la,14,19,33
lab,5,0,5
label,0,1,1
labeouf,0,1,1
labor,1,0,1
labourers,0,1,1
labs,0,1,1
labyrinth,0,1,1
laci,1,0,1
lack,4,4,8
lacking,1,1,2
lacrosse,1,0,1
lad,0,1,1
ladies,2,1,3
lads,0,1,1
lady,14,9,23
ladyhawke,0,1,1
ladys,0,1,1
ladytron,0,1,1
laff,1,0,1
lafilmfest,1,0,1
laguna,1,1,2
lah,1,1,2
lahr,0,1,1
laid,1,0,1
laina,1,0,1
lake,7,1,8
lakh,0,1,1
laksa,0,2,2
lalaki,0,1,1
lalala,0,1,1
lallalalla,1,0,1
lamb,0,1,1
lambs,0,2,2
lame,10,5,15
lana,0,1,1
lancaster,1,0,1
lancearmstrong,1,0,1
land,1,6,7
landed,3,1,4
landing,0,1,1
lane,0,5,5
lang,2,1,3
langton,1,0,1
language,2,4,6
languages,1,1,2
languange,1,0,1
lanka,0,1,1
lap,0,2,2
laps,0,1,1
laptop,20,7,27
laptops,1,0,1
large,2,5,7
larger,0,1,1
larry,1,2,3
lars,0,1,1
las,0,2,2
lasagna,1,0,1
laser,0,1,1
lass,1,0,1
last,153,56,209
lasting,0,1,1
lastnight,2,2,4
lasts,1,2,3
lata,0,1,1
late,37,44,81
lateeeee,1,0,1
lately,15,5,20
later,18,35,53
laters,0,1,1
latest,3,6,9
lathkildale,0,1,1
latte,2,5,7
laugh,3,6,9
laughable,0,1,1
laughed,1,2,3
laughen,0,1,1
laughin,0,1,1
laughing,2,6,8
laughs,0,1,1
laughter,0,1,1
launch,2,6,8
launched,1,1,2
launching,1,1,2
laundry,8,7,15
laura,1,0,1
lauren,3,6,9
laus,0,1,1
lautner,1,0,1
lava,1,0,1
lavender,0,1,1
law,2,4,6
lawd,1,0,1
lawed,1,0,1
lawl,0,2,2
laws,1,1,2
lay,2,1,3
layed,1,0,1
layers,1,2,3
layin,1,2,3
laying,8,2,10
layne,1,0,1
layout,3,0,3
layover,0,1,1
lazards,0,1,1
laziness,0,1,1
lazy,6,5,11
lb,1,0,1
lbaq,1,0,1
lbda,1,0,1
lbp,0,1,1
lc,1,0,1
lcr,0,1,1
le,1,2,3
lead,1,1,2
leader,1,0,1
league,0,1,1
leak,2,2,4
leaked,1,0,1
leaking,1,0,1
leaning,0,1,1
leanne,0,1,1
leapt,0,1,1
learn,13,9,22
learned,3,3,6
learning,2,5,7
learnt,0,1,1
least,31,20,51
leav,1,0,1
leave,35,14,49
leavers,2,0,2
leaves,7,0,7
leavin,1,0,1
leaving,26,9,35
lecture,1,0,1
ledisi,1,0,1
lee,1,1,2
leer,1,0,1
left,51,16,67
leftover,0,1,1
leg,3,2,5
legacy,0,1,1
legal,2,2,4
legand,0,1,1
legend,0,3,3
legendary,1,0,1
legit,1,0,1
legitimate,0,1,1
legs,4,0,4
leia,1,0,1
leicester,0,1,1
leighton,1,1,2
lemeeeeees,1,0,1
lemme,0,1,1
lemon,1,0,1
lemonade,0,1,1
lemons,1,0,1
lemur,1,0,1
lend,0,1,1
lendon,1,0,1
length,1,1,2
lengthy,1,0,1
leno,0,1,1
lens,0,2,2
lenses,0,1,1
lent,0,1,1
lenten,0,1,1
leon,0,1,1
lepore,1,0,1
leppard,2,0,2
leprechaun,0,1,1
leran,1,0,1
les,1,0,1
lesbian,0,1,1
leslie,0,1,1
less,18,8,26
lesson,3,3,6
lessons,4,3,7
let,39,53,92
lethargic,1,0,1
lets,6,10,16
letter,2,2,4
letterman,0,1,1
letters,0,1,1
letti,1,0,1
letting,0,3,3
level,1,3,4
levels,0,2,2
levi,1,0,1
levon,0,1,1
lewis,1,1,2
lexi,0,1,1
lexington,0,1,1
lga,1,0,1
lhr,0,1,1
li,1,0,1
liar,0,1,1
lib,0,1,1
libaudio,0,1,1
libby,1,0,1
libcamera,0,1,1
liberator,0,1,1
libey,0,1,1
libigannaaaashe,0,1,1
library,6,1,7
libs,1,0,1
license,1,1,2
licious,0,1,1
lid,1,0,1
liddo,1,0,1
lie,2,3,5
lied,0,1,1
liein,1,0,1
lieing,1,0,1
lies,1,1,2
life,44,72,116
lifebelt,0,1,1
lifeee,1,0,1
lifeguards,1,0,1
lifes,0,2,2
lifesavers,1,0,1
lifetime,1,0,1
light,6,5,11
lightbox,1,1,2
lightening,1,0,1
lighter,0,2,2
lighting,0,1,1
lightning,5,0,5
lightnining,1,0,1
lights,0,1,1
ligo,0,1,1
liiiiiiiiiiiiisten,0,1,1
liiiittle,0,1,1
liipers,0,1,1
like,225,256,481
liked,7,7,14
likely,4,1,5
likes,2,5,7
likewise,0,1,1
liking,3,4,7
lil,11,5,16
lily,0,1,1
lime,1,1,2
limit,1,1,2
limited,4,2,6
limp,1,0,1
lincoln,0,1,1
lindsay,1,0,1
lindsey,1,0,1
lindy,1,0,1
line,11,6,17
lineart,1,0,1
linebreak,1,0,1
linen,0,1,1
liners,0,2,2
lines,1,3,4
lineup,0,1,1
lingers,1,0,1
link,11,19,30
linked,0,3,3
linkin,1,0,1
links,3,4,7
linus,0,1,1
linux,1,0,1
lion,0,2,2
lip,0,2,2
lips,4,0,4
lipton,0,1,1
liqour,0,1,1
liquid,1,2,3
liquor,0,2,2
lisa,2,0,2
lish,1,0,1
lissy,1,0,1
list,9,17,26
listed,0,1,1
listen,5,19,24
listened,4,2,6
listening,11,35,46
listento,1,0,1
listing,0,1,1
lit,0,1,1
literally,2,1,3
literati,0,1,1
lithuania,0,1,1
little,54,46,100
littlebird,0,1,1
littles,1,0,1
littleweeds,0,1,1
littrell,0,1,1
live,30,28,58
lived,5,1,6
livejournal,1,0,1
liver,1,0,1
lives,3,4,7
livestreamed,1,0,1
livin,1,0,1
living,9,4,13
livr,1,0,1
liza,1,0,1
lizards,1,1,2
lizzy,1,0,1
lj,2,1,3
ljubljana,0,1,1
lk,0,1,1
ll,107,178,285
llama,0,1,1
lll,1,0,1
llove,0,1,1
lmao,8,20,28
lmaoo,1,1,2
lmaooo,2,0,2
lmaoooo,1,0,1
lmfao,2,2,4
lmk,1,1,2
lo,0,1,1
load,2,3,5
loads,2,6,8
loadsa,1,0,1
loan,2,0,2
loathe,2,0,2
lobby,1,0,1
lobster,1,0,1
loca,1,0,1
local,1,7,8
localization,0,1,1
locally,0,1,1
locals,0,1,1
locate,1,0,1
location,1,0,1
locavore,0,1,1
lock,1,0,1
locked,4,2,6
locking,1,0,1
log,5,0,5
logan,0,1,1
logged,1,0,1
logging,1,0,1
login,2,1,3
logo,0,2,2
logos,1,2,3
lohan,2,0,2
lokki,0,1,1
lol,105,212,317
lollipops,0,1,1
lolm,0,1,1
lolol,1,3,4
lols,0,2,2
lolx,1,0,1
lolz,0,1,1
lon,1,0,1
london,7,11,18
lone,1,0,1
loneliness,0,1,1
lonely,10,0,10
lonelyandroid,2,0,2
loner,1,0,1
lonesome,1,0,1
long,65,60,125
longer,8,7,15
longgg,2,0,2
longhorn,1,0,1
longo,0,1,1
lonley,1,0,1
look,34,59,93
looked,9,5,14
lookee,0,1,1
lookin,2,2,4
looking,34,54,88
looks,31,33,64
lookthunder,0,1,1
lookup,0,1,1
lool,1,0,1
loom,0,1,1
loooong,0,1,1
looooong,2,1,3
loooooonnnng,0,1,1
looooooong,0,1,1
loooooooong,1,0,1
looooooooooooooove,0,1,1
looooove,1,0,1
looosing,0,1,1
looove,1,0,1
looow,0,1,1
loop,3,0,3
loopy,1,0,1
loose,4,2,6
loosin,1,0,1
loot,0,1,1
lopez,0,4,4
lora,0,1,1
lord,3,1,4
lords,0,1,1
loren,0,1,1
los,4,1,5
lose,7,3,10
loser,2,1,3
loses,1,0,1
losiento,0,1,1
losing,8,1,9
loss,14,2,16
losses,1,0,1
lost,68,12,80
lot,20,31,51
lotion,1,0,1
lots,10,14,24
lotsa,0,2,2
lottanew,1,0,1
lottery,2,0,2
loud,4,2,6
loudly,1,0,1
loudspeaker,1,0,1
louis,1,0,1
louise,3,0,3
louisville,2,0,2
lounge,1,3,4
lousy,2,0,2
lova,0,1,1
lovato,1,2,3
lovatos,1,0,1
love,81,257,338
loved,11,16,27
lovee,0,1,1
loveeeee,0,1,1
loveeeeeeeeeeee,1,0,1
lovelies,1,0,1
loveliest,1,0,1
lovely,8,25,33
lover,1,1,2
lovers,1,0,1
loves,8,15,23
lovesick,1,0,1
lovesit,0,1,1
loveyou,1,0,1
lovin,4,3,7
loving,4,18,22
lovvvved,0,1,1
low,6,2,8
lower,3,0,3
lowering,0,1,1
loyal,0,1,1
loyalty,0,1,1
loz,1,0,1
lp,0,1,1
lps,0,1,1
ls,0,1,1
lsd,0,1,1
lsekoiak,1,0,1
ltd,0,2,2
lu,0,3,3
luca,1,0,1
lucas,1,3,4
luck,11,35,46
luckily,4,0,4
lucky,16,13,29
luckyyyy,1,0,1
lucy,0,1,1
luggage,2,1,3
luigi,1,0,1
lukas,0,1,1
luke,1,2,3
lumea,0,1,1
lump,2,0,2
lunch,53,13,66
lunchbreak,0,1,1
lunchieeee,1,0,1
lunchtime,3,1,4
lung,1,0,1
lungs,1,0,1
lupo,0,1,1
lupus,1,0,1
lurk,0,1,1
lurkers,0,1,1
lush,0,2,2
lust,0,1,1
lutsdoll,0,1,1
luuuuuuuuuuuuuv,1,0,1
luv,1,15,16
luve,0,1,1
luvs,0,1,1
luvved,1,0,1
luy,1,0,1
lvl,0,1,1
lvly,0,1,1
lx,1,0,1
ly,1,2,3
lybrary,1,0,1
lycan,0,1,1
lycee,0,1,1
lyf,1,0,1
lygon,0,1,1
lying,5,3,8
lyk,2,0,2
lynn,0,1,1
lynnnnnn,0,1,1
lyrical,0,1,1
lyrics,0,5,5
lyve,1,0,1
lyy,1,0,1
ma,3,3,6
maaan,0,1,1
maaf,0,1,1
maam,0,2,2
maann,0,1,1
mac,8,8,16
macaddict,1,0,1
macbook,3,3,6
maccas,0,1,1
macdonald,0,1,1
macheist,0,1,1
machiam,1,0,1
machiato,1,0,1
machine,5,6,11
machines,2,0,2
mackey,1,0,1
mackie,0,1,1
macky,0,1,1
macon,0,1,1
macro,0,1,1
mad,18,11,29
madam,0,1,1
madden,0,1,1
maddox,1,0,1
maddy,0,1,1
made,26,47,73
madison,0,1,1
madness,0,2,2
madras,0,1,1
madrid,0,1,1
mae,1,0,1
maemo,0,1,1
mafia,1,0,1
mag,1,4,5
magazine,0,5,5
magazines,1,0,1
magento,0,1,1
maggi,0,1,1
maggie,1,0,1
magic,0,4,4
magners,1,0,1
magnetic,0,1,1
magneto,0,1,1
magnum,2,0,2
mah,3,0,3
mahjong,0,1,1
maid,2,2,4
maiko,0,1,1
mail,11,7,18
mailbox,0,1,1
mailing,1,0,1
mails,3,0,3
main,2,1,3
maine,1,2,3
mainland,0,1,1
mainly,0,1,1
mainstream,0,1,1
maintain,0,1,1
maintance,1,0,1
maintence,1,0,1
major,7,2,9
majoring,0,1,1
majority,1,0,1
majorly,1,0,1
makakasama,0,1,1
makayla,1,0,1
make,74,73,147
makeing,1,1,2
makeover,1,0,1
maker,2,1,3
makes,34,37,71
makeshift,0,1,1
makeup,2,0,2
makin,1,0,1
making,27,29,56
makiri,1,0,1
malachi,0,1,1
malaysia,0,2,2
malaysian,0,1,1
malbank,1,0,1
malcolm,0,1,1
maldives,1,0,1
male,1,1,2
malese,0,2,2
mall,3,2,5
malpractice,0,1,1
malt,0,1,1
maltese,0,1,1
malygos,0,1,1
mam,1,0,1
mama,2,1,3
mamenn,1,0,1
mammy,1,0,1
man,48,51,99
manage,3,3,6
manageable,0,1,1
managed,2,2,4
management,0,1,1
manager,1,0,1
managers,1,0,1
manchester,2,0,2
mandatory,2,1,3
mandy,1,2,3
mane,0,1,1
manech,0,1,1
manga,0,1,1
mangia,2,0,2
mango,3,1,4
manhattan,0,1,1
manhatten,0,1,1
mania,1,0,1
manicure,0,1,1
manila,0,1,1
manipulating,0,1,1
mankind,1,0,1
manly,1,1,2
mann,0,1,1
manner,0,1,1
mannerisms,0,1,1
mannies,0,1,1
mannn,0,1,1
mantlepiece,0,1,1
mantras,0,1,1
manual,0,1,1
manuals,0,1,1
manunitedvss,0,1,1
many,36,27,63
maotai,0,1,1
map,0,2,2
maple,0,1,1
marathon,1,2,3
marauding,1,0,1
marc,1,0,1
marciano,1,0,1
marcucci,1,0,1
margaret,1,0,1
margarita,1,0,1
maria,2,2,4
marie,0,1,1
marilyn,1,0,1
marine,1,0,1
mariners,0,1,1
marini,0,1,1
mario,0,3,3
mariusz,0,1,1
mark,2,2,4
market,4,3,7
marketeers,0,1,1
marketing,2,0,2
marketplace,1,0,1
marking,1,0,1
marks,1,0,1
marmalade,0,1,1
marnier,0,1,1
marothon,0,1,1
marrage,1,0,1
marraige,0,1,1
marriage,1,2,3
married,5,2,7
marriott,0,1,1
marrow,2,0,2
marry,7,4,11
mars,1,0,1
marshmallows,0,1,1
marshmellows,0,1,1
mart,1,2,3
martha,0,2,2
martin,1,2,3
martini,1,2,3
marv,0,1,1
marvel,1,0,1
marvellous,0,1,1
marvelous,0,1,1
marvin,1,1,2
marvvv,0,1,1
mary,1,5,6
maryland,1,0,1
mascara,1,0,1
mascot,0,1,1
masi,0,1,1
mask,0,1,1
masroof,1,0,1
mass,2,1,3
massa,1,0,1
massachusetts,0,1,1
massage,3,1,4
massaj,0,1,1
massieshiiza,1,0,1
massive,2,4,6
masyaa,0,1,1
match,2,3,5
matches,1,1,2
matching,0,1,1
mate,1,13,14
material,0,2,2
mates,0,3,3
matey,0,2,2
math,8,7,15
mathew,0,1,1
maths,0,3,3
matress,0,1,1
matrix,0,1,1
matt,0,2,2
matter,7,3,10
matters,0,2,2
matthew,1,1,2
mattie,0,1,1
mattress,0,1,1
mature,0,3,3
mau,0,2,2
mauresmo,1,0,1
mav,1,0,1
maven,0,2,2
maw,1,0,1
max,2,1,3
maxing,1,0,1
may,28,31,59
maya,0,1,1
mayb,0,1,1
maybe,26,64,90
mayday,1,0,1
mayer,0,2,2
mazing,0,1,1
mazzone,1,0,1
mb,3,0,3
mba,0,1,1
mbs,1,0,1
mbt,0,1,1
mc,0,2,2
mcauliffe,0,1,1
mcd,1,2,3
mcdonalds,1,0,1
mcentire,0,1,1
mcfly,1,3,4
mcgangbang,0,1,1
mcitp,1,0,1
mcm,2,0,2
mcmahon,8,0,8
mco,0,2,2
mcs,0,1,1
mcshep,0,1,1
md,0,1,1
me,492,454,946
meadows,1,0,1
meal,2,2,4
mean,15,32,47
meanie,1,0,1
meaning,3,1,4
meaningless,1,0,1
means,8,15,23
meant,1,6,7
meantime,0,2,2
meanwhile,0,1,1
meat,2,1,3
meatballs,1,1,2
meatloaf,0,1,1
mebbe,0,1,1
mechanic,1,0,1
mechscape,0,1,1
meck,0,1,1
med,2,1,3
media,2,7,9
mediatemple,0,1,1
medical,2,1,3
medicated,1,0,1
medication,2,0,2
medicinal,1,0,1
medicine,3,1,4
meditate,0,1,1
meditation,0,1,1
meditations,0,1,1
mediterranean,0,1,1
medium,0,2,2
meds,8,3,11
mee,3,2,5
meebo,0,1,1
meee,3,0,3
meeee,2,1,3
meeeeee,2,0,2
meegan,0,1,1
meeko,1,0,1
meerkats,1,0,1
meerut,1,0,1
meester,1,1,2
meet,10,18,28
meetin,1,0,1
meeting,16,16,32
meetings,1,2,3
meets,2,0,2
mef,0,1,1
mega,1,0,1
megan,0,2,2
megaupload,0,1,1
meh,3,1,4
mehhh,1,0,1
mein,2,1,3
meister,1,0,1
mekin,0,1,1
mel,1,1,2
mela,0,1,1
melb,1,0,1
melbourne,0,3,3
melendez,0,1,1
melerr,0,1,1
melina,0,1,1
meliss,1,0,1
melissa,2,0,2
mello,0,1,1
mellow,0,1,1
melly,0,1,1
melody,0,1,1
melt,0,1,1
meltdown,1,0,1
melted,1,1,2
melting,1,1,2
member,2,3,5
members,2,2,4
meme,1,0,1
memorial,1,0,1
memories,1,2,3
memorized,0,1,1
memory,6,2,8
memphis,1,0,1
men,3,10,13
menchie,0,1,1
meningitis,1,0,1
menna,1,0,1
ment,1,2,3
mental,0,2,2
mention,5,4,9
mentioned,1,6,7
mentioning,0,1,1
mentions,0,1,1
mentors,0,1,1
menu,1,1,2
meows,0,1,1
merch,2,0,2
merci,0,1,1
mercy,0,1,1
mere,0,2,2
merovingian,0,1,1
merrier,0,1,1
mers,0,1,1
mesa,0,2,2
mesmerized,0,1,1
mesquitez,1,0,1
mess,1,2,3
message,11,9,20
messages,1,2,3
messed,2,0,2
messenger,0,3,3
messin,1,0,1
messing,3,0,3
messy,2,0,2
met,8,5,13
metal,2,1,3
metallica,0,2,2
metaphor,1,0,1
methinks,1,2,3
method,0,2,2
methodically,0,1,1
metria,1,0,1
metrics,0,1,1
metro,3,2,5
mets,1,0,1
mexican,0,2,2
mexico,2,1,3
mey,0,1,1
meyer,0,1,1
mfc,0,1,1
mh,0,1,1
mhm,1,1,2
mi,1,2,3
mia,2,1,3
miadhu,0,1,1
miami,9,0,9
mib,0,2,2
mic,2,2,4
micas,0,1,1
mice,1,1,2
mich,1,0,1
michael,2,3,5
micheal,1,0,1
michelle,1,3,4
michigan,2,1,3
mick,1,1,2
micro,0,1,1
microblogging,0,1,1
microphone,1,0,1
microscope,0,1,1
microsd,0,1,1
microsoft,4,2,6
mid,3,2,5
midday,0,1,1
middle,6,4,10
middleman,0,1,1
midnight,4,4,8
midol,1,0,1
midstream,1,0,1
midterms,0,1,1
midway,1,1,2
midwife,2,0,2
miget,0,1,1
might,27,27,54
mighty,0,2,2
migraine,3,0,3
migrated,1,0,1
mii,2,0,2
miie,1,0,1
miiinne,1,0,1
mike,1,2,3
mikes,0,1,1
mikeyj,0,1,1
mil,0,2,2
milan,1,0,1
milar,1,0,1
mildly,0,1,1
mile,3,1,4
miles,3,1,4
miley,3,5,8
mileys,0,1,1
milezzzzzz,0,1,1
milk,5,9,14
milking,1,0,1
mill,0,1,1
million,3,4,7
millionaire,0,1,1
millionth,0,1,1
milne,0,1,1
mime,0,1,1
mimi,0,1,1
mimimi,1,0,1
mimis,0,1,1
min,6,6,12
mind,22,23,45
minds,0,1,1
mindy,1,0,1
mine,23,18,41
minehead,0,1,1
mines,1,1,2
mini,3,6,9
miniatures,0,1,1
minichocolates,0,1,1
minicons,0,1,1
minify,1,0,1
minimal,0,1,1
minimum,0,1,1
minis,0,1,1
minister,0,1,1
ministers,0,1,1
minor,0,1,1
minorca,0,1,1
mins,5,6,11
minskeys,0,1,1
mint,0,3,3
mintablet,0,1,1
minto,1,0,1
mints,1,0,1
minus,0,2,2
minute,7,5,12
minuteman,1,0,1
minutes,10,7,17
minx,1,1,2
miracle,4,0,4
miracles,1,2,3
mireika,0,1,1
miris,0,1,1
mirror,1,1,2
mis,1,0,1
mischa,0,1,1
miserable,1,2,3
misery,0,1,1
mish,1,0,1
mishell,0,1,1
misplaced,1,0,1
miss,189,39,228
missed,71,7,78
misses,3,2,5
missin,0,1,1
missing,37,5,42
missouri,1,0,1
misss,2,0,2
misssssssss,1,0,1
missssssssss,0,1,1
missus,0,2,2
missy,0,1,1
mist,0,2,2
mistake,3,1,4
mistaken,1,1,2
mistakes,2,4,6
misting,1,0,1
mistook,1,0,1
mistress,0,1,1
mit,1,0,1
mitchel,0,1,1
mite,0,1,1
mitter,0,1,1
mix,2,3,5
mixed,1,3,4
mixer,0,1,1
mixes,0,2,2
mixing,0,1,1
mixtape,2,2,4
miyavi,0,1,1
miyazaki,1,0,1
mizuo,1,0,1
mj,1,0,1
mk,1,1,2
mkay,0,2,2
mkcc,1,0,1
mkccrenovations,1,0,1
mkh,0,1,1
mlb,0,1,1
mlm,0,1,1
mlp,1,0,1
mm,1,2,3
mmkay,0,1,1
mmm,0,7,7
mmmm,3,5,8
mmmmhmmm,0,1,1
mmmmm,0,2,2
mmmmmm,0,3,3
mmorrow,1,0,1
mmos,1,0,1
mmuk,0,1,1
mmy,1,0,1
mo,4,8,12
mobbler,0,1,1
mobile,5,3,8
mobileme,1,0,1
mobtv,2,0,2
moccasin,1,0,1
mocha,1,1,2
mock,1,1,2
mockumentary,0,1,1
mod,1,0,1
modd,0,1,1
mode,4,5,9
model,3,2,5
modeling,0,1,1
modern,0,1,1
modest,0,1,1
modivation,0,1,1
modle,1,0,1
moe,0,1,1
moffitt,0,1,1
mofo,1,0,1
moin,0,1,1
moisture,1,0,1
mold,1,0,1
molly,0,1,1
mom,26,13,39
moment,12,13,25
momentarily,0,1,1
moments,2,0,2
momma,3,1,4
mommy,8,0,8
moms,2,0,2
mon,5,2,7
mondaaay,0,1,1
monday,13,11,24
mondays,2,2,4
money,36,14,50
monitor,1,2,3
monitors,1,0,1
monkee,0,1,1
monks,0,1,1
mono,1,0,1
monogomy,0,1,1
monroe,1,0,1
monsieur,1,0,1
monster,1,2,3
monsters,0,2,2
montag,0,1,1
montana,2,3,5
montell,0,1,1
month,14,8,22
monthes,0,1,1
months,13,10,23
montreal,1,2,3
montreras,1,0,1
moo,1,1,2
mooch,0,1,1
mood,9,8,17
mooded,0,1,1
moodle,0,1,1
moody,0,1,1
moolaw,1,0,1
moommy,1,0,1
moon,0,4,4
mooney,1,0,1
mooooo,0,1,1
moore,1,0,1
moot,0,3,3
mootools,1,0,1
moovarolage,0,1,1
mor,0,1,1
morbid,1,0,1
more,124,134,258
morgan,1,0,1
morley,0,1,1
mormon,0,1,1
morn,2,5,7
mornin,1,3,4
morning,93,184,277
morninggggg,0,1,1
morninggggggg,1,0,1
mornings,3,3,6
morninnnnn,1,0,1
moro,2,1,3
moron,1,1,2
morris,1,1,2
morrison,1,0,1
morrissey,0,1,1
morro,1,1,2
morrow,3,2,5
mortality,1,0,1
mortgage,0,1,1
mosquitos,0,1,1
moss,1,1,2
most,21,30,51
mostlikely,1,0,1
mostly,2,4,6
motel,0,1,1
moth,0,1,1
mother,5,3,8
motherflipping,1,0,1
motherfuckers,1,0,1
mothers,1,0,1
motion,0,1,1
motivated,2,0,2
motivation,3,1,4
motor,2,0,2
motorbike,1,0,1
motorbikes,0,1,1
motorcycle,0,1,1
motown,0,1,1
mots,0,1,1
motto,0,2,2
mount,0,1,1
mountain,0,2,2
mountford,1,0,1
mounts,0,1,1
mourn,1,0,1
mourning,3,0,3
mouse,1,5,6
mouth,4,3,7
move,11,8,19
moved,7,1,8
movement,1,0,1
movements,0,1,1
movie,20,44,64
movies,4,4,8
moviess,0,1,1
moviessssss,0,1,1
movin,2,1,3
moving,8,7,15
mowed,1,0,1
moyles,0,1,1
moz,3,0,3
mozambique,1,0,1
mozilla,1,0,1
mp,0,6,6
mph,1,0,1
mps,0,2,2
mqt,0,1,1
mr,8,16,24
mri,1,0,1
mro,1,0,1
mrs,1,3,4
mrsa,1,0,1
mrspb,1,0,1
mrw,4,0,4
ms,9,5,14
msg,0,2,2
msgs,1,1,2
msia,1,0,1
msn,6,4,10
msnbc,1,0,1
msu,0,1,1
mt,0,4,4
mtb,1,1,2
mtg,1,0,1
mths,0,1,1
mtp,0,1,1
mtv,1,0,1
mu,1,0,1
muah,0,1,1
mucch,0,1,1
much,115,94,209
muchh,2,1,3
muchly,1,0,1
mucho,1,2,3
mucvhly,0,1,1
mud,1,1,2
muffin,2,0,2
muffins,0,1,1
muffler,2,0,2
mufti,1,0,1
mug,1,2,3
mugged,1,0,1
muh,2,0,2
mules,0,2,2
multi,0,2,2
multipage,0,1,1
multiplayer,0,1,1
multiple,2,3,5
multiplier,0,1,1
multiply,0,2,2
multivitamins,0,1,1
mum,6,5,11
mummas,0,1,1
mummy,1,1,2
mummys,0,1,1
mums,1,1,2
munchkin,1,1,2
mundo,1,0,1
munroe,2,0,2
mural,0,1,1
murdered,1,0,1
murderland,0,1,1
muri,1,0,1
murray,6,0,6
muscle,2,0,2
muse,1,1,2
museum,1,0,1
mushroom,0,1,1
music,16,42,58
musical,3,2,5
musician,0,1,1
musicmonday,0,1,1
musics,0,1,1
musik,0,1,1
muskegon,1,0,1
muslim,1,0,1
musnt,0,1,1
must,23,30,53
musta,1,0,1
mutant,1,0,1
mute,1,0,1
mutha,0,1,1
mv,1,0,1
mwah,0,3,3
my,1207,775,1982
mycamera,0,1,1
myki,0,1,1
mykl,0,1,1
myla,0,1,1
myself,41,23,64
mysoju,1,0,1
myspace,4,16,20
mysql,1,2,3
mythos,0,1,1
myy,1,0,1
mz,1,1,2
na,2,4,6
nacelle,1,0,1
nachos,1,1,2
nada,0,2,2
nag,0,1,1
nah,6,12,18
nail,1,0,1
nails,1,3,4
naim,0,1,1
naive,0,1,1
naked,0,1,1
naman,1,1,2
nambu,0,1,1
name,10,19,29
named,0,7,7
namely,1,0,1
names,5,5,10
naming,0,1,1
nan,0,1,1
nana,1,1,2
nancy,1,0,1
nanette,1,0,1
nangis,1,0,1
nanny,0,1,1
nanu,0,1,1
nao,1,0,1
nap,12,7,19
napped,0,1,1
napping,0,3,3
nappys,0,1,1
naps,1,0,1
naptime,1,0,1
narr,0,1,1
narrated,0,1,1
nas,1,1,2
nash,1,2,3
nashville,2,1,3
nasib,1,0,1
nassar,0,1,1
nasty,3,3,6
nat,2,0,2
natasha,0,2,2
national,1,4,5
native,1,1,2
natty,0,1,1
natural,1,1,2
nature,0,2,2
naturing,0,1,1
naughty,0,2,2
navyboyy,0,1,1
naw,0,4,4
nawww,0,1,1
naybur,0,1,1
naz,1,0,1
nazi,0,1,1
nba,2,0,2
nbn,0,1,1
nc,1,2,3
ncaa,0,3,3
nd,10,10,20
nday,1,0,1
ne,1,3,4
neal,10,0,10
near,8,6,14
nearby,2,0,2
nearest,0,1,1
nearing,2,0,2
nearly,4,7,11
neat,0,9,9
necc,2,0,2
necessary,1,0,1
neck,7,1,8
necklace,1,2,3
nectarines,0,1,1
neda,2,0,2
neded,0,1,1
need,126,106,232
needa,2,0,2
needed,2,6,8
needles,1,0,1
needs,20,8,28
neetball,0,1,1
nef,0,1,1
negar,0,1,1
negative,2,0,2
neglect,0,1,1
neglected,0,1,1
neh,0,1,1
neighbor,0,1,1
neighbors,0,2,2
neighbour,1,0,1
neighbours,4,3,7
neil,0,1,1
neither,1,4,5
nelena,1,0,1
nemo,0,1,1
neon,1,0,1
nephew,0,2,2
nerd,2,0,2
nerf,0,1,1
nero,0,1,1
nerrrd,0,1,1
nerve,0,1,1
nervous,7,4,11
nerys,0,1,1
nescafe,1,0,1
nescessary,0,1,1
nespresso,0,2,2
ness,2,0,2
nessie,0,1,1
nessun,0,1,1
net,7,4,11
netflix,2,1,3
netherlands,0,1,1
nettes,1,0,1
network,4,7,11
networking,0,1,1
networks,0,1,1
neuqua,1,0,1
neva,1,0,1
neveeeeeeeeeeer,1,0,1
never,70,41,111
nevermind,1,1,2
neverwinter,0,1,1
new,92,181,273
newbie,0,1,1
newborn,0,2,2
newc,1,0,1
newcastle,0,4,4
newegg,1,0,1
newest,3,0,3
newnownext,0,1,1
news,49,20,69
newsap,1,0,1
newscast,0,1,1
newsletter,0,1,1
newspaper,0,2,2
neww,0,1,1
next,48,57,105
nextdoor,1,0,1
nexxt,1,0,1
ng,9,7,16
nga,1,2,3
nh,2,1,3
ni,0,1,1
niagara,1,0,1
nicci,1,0,1
nice,26,118,144
nicely,0,5,5
nicer,0,3,3
nicest,0,1,1
nichts,1,0,1
nick,2,4,6
nicked,1,0,1
nickelback,0,1,1
nicki,0,1,1
nickjonline,1,0,1
nicks,1,0,1
nickserv,0,1,1
nicly,0,1,1
nicole,0,1,1
nidhaa,0,1,1
nielsen,0,1,1
nig,1,0,1
night,92,180,272
nightcard,0,1,1
nighter,0,1,1
nightly,0,1,1
nightmare,3,0,3
nightmares,1,1,2
nights,2,5,7
nighttime,0,1,1
nighty,0,4,4
niiice,0,1,1
niite,0,1,1
nike,1,0,1
nikita,1,0,1
nikki,2,2,4
nilagyan,0,1,1
niley,2,0,2
nimble,0,1,1
nimue,1,0,1
nin,1,2,3
ninaalbertsen,0,1,1
ninage,0,1,1
nine,1,0,1
ninguem,1,0,1
nino,1,0,1
nip,1,1,2
niqqa,0,1,1
nique,1,0,1
nirvana,0,1,1
nit,1,0,1
nite,10,21,31
niteflirt,0,1,1
niter,1,0,1
nitey,0,2,2
nj,3,0,3
nk,3,0,3
nkotb,1,1,2
nkow,0,1,1
nkprb,0,1,1
nl,1,0,1
nm,0,1,1
nmbd,0,1,1
nnnntttttthh,0,1,1
nnnooooooo,1,0,1
no,367,125,492
nob,1,0,1
nobody,20,4,24
nobodys,1,0,1
noches,0,2,2
nodame,0,1,1
noes,2,0,2
noise,0,1,1
noises,1,0,1
nokia,2,1,3
nokla,0,1,1
nom,0,1,1
nomatter,1,0,1
nominated,0,1,1
nominating,0,1,1
nomination,0,1,1
nomunge,1,0,1
non,3,1,4
none,7,4,11
nonetheless,0,1,1
nonsense,1,1,2
nonstop,1,0,1
noodle,1,1,2
noodlebox,0,1,1
noodles,0,1,1
noon,6,1,7
noone,3,1,4
noones,1,0,1
nooning,0,1,1
nooo,6,1,7
nooodles,1,0,1
noooo,3,0,3
nooooo,4,1,5
noooooo,4,0,4
nooooooo,5,0,5
noooooooo,1,0,1
nooooooooo,0,1,1
noope,1,0,1
nope,11,5,16
nor,1,0,1
nora,0,1,1
nordstrom,1,0,1
nordstroms,1,0,1
norfolk,0,1,1
normal,2,5,7
normalisation,0,1,1
normally,1,1,2
north,1,1,2
northeast,1,0,1
northwest,1,0,1
norwell,1,0,1
norwich,1,0,1
nos,1,0,1
nose,5,4,9
nosebleeds,1,0,1
noses,0,1,1
nosey,1,0,1
nostalgic,0,1,1
not,482,226,708
note,8,3,11
notebook,1,1,2
nothin,3,1,4
nothing,27,13,40
notice,1,3,4
noticeable,0,1,1
noticed,5,6,11
notices,0,1,1
notion,1,0,1
notoriously,1,0,1
notre,0,1,1
nottingham,1,3,4
notts,0,1,1
notwithstanding,0,1,1
nouveau,0,1,1
nov,1,0,1
nova,0,1,1
novel,1,0,1
novels,0,2,2
november,1,0,1
now,318,279,597
nowadays,0,1,1
nowhere,4,1,5
nowwwww,1,1,2
np,0,2,2
nph,0,1,1
nr,0,1,1
nrlsku,0,1,1
nru,0,1,1
nsa,1,0,1
nsfw,1,2,3
nst,0,1,1
nt,4,0,4
nu,0,3,3
nudged,1,0,1
nuggets,1,0,1
nuke,1,0,1
null,0,1,1
num,0,3,3
numb,0,1,1
number,10,6,16
numbers,2,4,6
numbing,0,1,1
nurbs,1,0,1
nurofen,1,0,1
nurse,1,2,3
nursing,1,0,1
nut,2,1,3
nuthin,1,0,1
nutrition,1,0,1
nutritionist,1,0,1
nuts,4,3,7
nv,1,0,1
nvm,1,0,1
nw,1,0,1
nxt,1,0,1
ny,5,2,7
nyaha,1,0,1
nyc,6,3,9
nyet,1,0,1
nylon,0,1,1
nyquil,1,1,2
nyt,1,1,2
nz,0,4,4
oa,1,0,1
oach,0,1,1
oaf,0,1,1
oap,0,1,1
oatmeal,0,2,2
oats,1,0,1
obama,0,2,2
obi,0,2,2
objective,0,1,1
obliterated,1,0,1
oblivion,1,0,1
oblivious,1,0,1
obnoxious,1,0,1
obscure,0,1,1
observatory,0,1,1
observed,0,1,1
obsessed,2,2,4
obsesses,0,1,1
obv,2,1,3
obviously,2,4,6
occupied,1,1,2
occur,0,1,1
occurrence,0,1,1
ocean,3,3,6
oct,1,2,3
octane,2,0,2
october,1,3,4
octopus,0,1,1
od,2,1,3
odd,3,6,9
oddly,0,1,1
odds,1,0,1
ode,1,0,1
odo,0,1,1
odstartoval,0,1,1
oem,0,1,1
of,580,632,1212
ofcourse,0,1,1
off,112,117,229
offece,1,0,1
offended,1,0,1
offer,1,3,4
offered,1,3,4
offering,0,2,2
offerings,1,0,1
offers,2,0,2
office,23,20,43
officer,0,1,1
offices,0,1,1
official,3,3,6
officially,7,12,19
offline,7,2,9
offthechartradio,1,0,1
oficial,1,0,1
often,3,3,6
og,1,0,1
oh,140,111,251
ohh,6,7,13
ohhh,2,2,4
ohhhh,1,0,1
ohhhhhh,1,0,1
ohhhhhhhhhhh,0,1,1
ohio,1,0,1
ohmygod,1,1,2
ohmygodddd,1,0,1
ohshit,0,1,1
oi,1,0,1
oil,0,1,1
ok,40,71,111
okaeri,0,1,1
okay,17,16,33
ol,1,3,4
olaf,1,0,1
olbermann,0,1,1
old,52,40,92
older,4,4,8
oldie,0,1,1
olds,0,2,2
ole,0,1,1
oleeee,0,1,1
olive,1,0,1
omeone,1,0,1
omfg,3,1,4
omg,44,24,68
omgili,0,1,1
omgsh,0,1,1
ominous,1,0,1
omo,1,0,1
on,471,538,1009
once,12,17,29
onde,1,0,1
one,171,194,365
oneil,1,0,1
ones,14,15,29
ongina,0,1,1
onion,1,0,1
onish,0,1,1
onli,1,0,1
online,19,27,46
onlinee,1,0,1
only,99,71,170
onslaught,1,0,1
ontario,1,1,2
onto,6,3,9
onwards,0,1,1
oo,3,1,4
oof,0,2,2
ooh,3,8,11
ook,1,0,1
ooo,1,4,5
oooh,2,1,3
oooo,1,3,4
ooood,0,1,1
ooooh,0,2,2
oooooh,1,1,2
ooooohh,0,1,1
ooooooh,1,0,1
oooooohhhhh,1,0,1
oooooooh,1,0,1
ooooooooooommmmmmmmmmmm,0,1,1
oooow,1,0,1
oops,2,4,6
oopsie,0,1,1
op,1,3,4
opdrpi,0,1,1
open,11,13,24
openaustralia,0,1,1
opened,0,2,2
opengl,1,0,1
opening,2,5,7
openingday,0,1,1
openings,1,0,1
openmoko,0,1,1
openoffice,0,1,1
opens,0,1,1
opera,1,1,2
operating,1,0,1
operation,1,1,2
operational,0,1,1
operator,0,1,1
opick,1,0,1
opinion,0,3,3
opinions,2,0,2
opium,0,1,1
oppa,1,0,1
opportunity,2,0,2
oppressed,1,0,1
oppression,1,0,1
oppressive,1,0,1
opps,0,1,1
ops,1,0,1
opt,0,2,2
opterons,0,1,1
opticians,1,0,1
optimist,0,1,1
optimizations,1,0,1
option,3,1,4
optional,1,0,1
options,3,0,3
or,88,118,206
oracle,0,1,1
oral,2,0,2
orals,1,0,1
orange,4,2,6
oranges,1,1,2
orbitz,1,0,1
orchestra,0,1,1
orchestral,1,0,1
ord,0,4,4
order,10,5,15
ordered,6,4,10
orders,2,0,2
ordinary,1,0,1
ordinator,0,1,1
oreo,0,1,1
org,1,1,2
organicaly,0,1,1
organization,2,0,2
organizations,0,1,1
organize,0,1,1
organized,2,0,2
organizing,1,0,1
oriental,0,1,1
orientation,1,0,1
origin,0,1,1
original,4,4,8
origins,0,3,3
orkut,0,1,1
orlando,0,1,1
orphans,0,1,1
orqasm,1,0,1
orthadonist,1,0,1
ortho,1,0,1
orthodontist,1,0,1
os,3,1,4
oskar,0,1,1
ot,0,1,1
oth,0,1,1
other,29,38,67
others,2,7,9
otherwise,2,5,7
otr,0,1,1
ottawa,1,0,1
ottumwa,0,1,1
ou,1,1,2
ouccch,1,0,1
ouch,13,1,14
ouchouchouch,1,0,1
ouchy,1,0,1
ought,1,0,1
ouh,1,0,1
our,55,57,112
ours,2,3,5
ourselves,1,1,2
out,284,220,504
outa,1,0,1
outage,1,0,1
outages,0,1,1
outburst,0,1,1
outcum,1,0,1
outdoor,1,0,1
outfit,2,1,3
outgoing,1,0,1
outgrown,0,1,1
outing,1,0,1
outlet,0,1,1
outlets,1,0,1
outline,0,1,1
outlines,0,1,1
outlook,1,2,3
outrageously,0,1,1
outreach,0,2,2
outs,0,1,1
outside,35,15,50
outsidee,1,0,1
outt,1,2,3
outta,4,1,5
outtie,1,0,1
outtttt,0,1,1
ova,1,0,1
oven,1,1,2
over,59,46,105
overall,2,3,5
overalls,1,0,1
overcast,2,0,2
overcome,1,0,1
overdoing,0,1,1
overdosin,1,0,1
overdraft,0,1,1
overdue,2,1,3
overheated,2,0,2
overheating,1,0,1
overhere,0,1,1
overitnow,0,1,1
overkill,0,1,1
overlooks,1,0,1
overrated,1,0,1
overrrr,1,0,1
overseas,0,2,2
overslept,1,0,1
overtime,1,0,1
overtired,0,1,1
overweight,1,1,2
overwelming,1,0,1
overwhelmed,1,1,2
overwhelming,1,1,2
ow,4,0,4
owe,2,1,3
own,16,18,34
owned,2,0,2
owner,1,3,4
owners,1,0,1
oww,1,0,1
owwchhh,1,0,1
owwie,2,0,2
owww,0,1,1
owwww,1,0,1
owwwwwww,1,0,1
oxegen,1,0,1
oxford,0,1,1
oz,1,2,3
ozarks,0,1,1
ozzy,0,1,1
pa,4,2,6
pacific,0,1,1
pack,4,3,7
package,0,4,4
packages,1,0,1
packed,2,1,3
packets,0,1,1
packing,10,5,15
packpackpack,1,0,1
pad,2,1,3
paddington,0,1,1
padova,0,1,1
padres,0,1,1
padurea,0,1,1
page,4,23,27
pages,1,2,3
paging,0,1,1
paid,11,5,16
paige,4,1,5
pailou,0,1,1
pain,23,7,30
painful,1,2,3
painless,0,1,1
pains,1,0,1
paint,1,1,2
painted,0,1,1
painter,1,0,1
painting,1,3,4
pair,5,0,5
paisley,0,1,1
pajama,0,1,1
pal,2,1,3
pala,0,1,1
palahniuk,0,1,1
pale,1,0,1
palm,1,2,3
palmolive,0,1,1
palovic,1,0,1
pam,0,1,1
pambuccian,0,1,1
pammy,1,0,1
pamper,1,1,2
pan,1,0,1
pana,0,1,1
panama,0,2,2
pancakes,2,3,5
panda,2,0,2
pandora,1,0,1
panel,1,0,1
panic,0,3,3
panicking,2,0,2
panting,1,0,1
pants,2,4,6
papa,1,1,2
papal,0,1,1
pape,1,0,1
paper,4,7,11
papers,0,1,1
paperwork,3,0,3
papi,1,0,1
par,1,0,1
para,0,1,1
parade,2,2,4
paradise,1,0,1
paragon,0,1,1
paralegals,0,1,1
parallels,1,0,1
paralysed,1,0,1
paramore,1,0,1
paramoreeeeee,1,0,1
paranormal,1,1,2
paraphrased,0,1,1
parasites,1,0,1
parcel,0,2,2
pardon,0,3,3
parent,0,2,2
parentinghanda,1,0,1
parents,13,5,18
paretns,1,0,1
pareto,0,1,1
paris,6,4,10
parish,1,0,1
park,8,11,19
parked,0,1,1
parking,3,3,6
parkman,0,2,2
parks,1,1,2
parlament,0,1,1
parliamentary,0,1,1
parol,0,1,1
parrothead,1,0,1
parser,1,0,1
part,18,19,37
partay,1,0,1
participated,0,1,1
particular,3,1,4
particularly,2,1,3
parties,0,3,3
parting,0,1,1
partner,3,1,4
partners,1,1,2
parts,4,1,5
partt,1,0,1
party,18,25,43
partying,1,2,3
partys,1,0,1
partyy,1,0,1
pass,5,7,12
passed,103,0,103
passenger,1,0,1
passengers,0,1,1
passes,2,0,2
passing,5,0,5
passion,1,0,1
passionate,0,1,1
passionately,0,1,1
passionatley,0,1,1
passover,0,2,2
passport,0,1,1
password,3,1,4
passwords,1,0,1
passwork,1,0,1
past,12,11,23
pasta,0,3,3
paste,0,1,1
pastor,0,1,1
pat,1,0,1
patch,1,2,3
patches,1,0,1
patching,0,1,1
path,2,1,3
pathetic,2,0,2
patience,1,2,3
patient,1,0,1
patiently,1,0,1
patients,1,0,1
patric,0,1,1
patrick,2,0,2
patter,0,1,1
patterns,0,2,2
patties,0,1,1
pattinson,1,0,1
pau,0,1,1
paul,1,9,10
paula,1,0,1
paulis,0,1,1
pause,1,0,1
paving,1,0,1
paw,0,2,2
pawing,0,1,1
paxman,0,1,1
pay,17,8,25
paycheck,1,0,1
payday,1,1,2
payed,1,2,3
paying,2,1,3
payment,1,0,1
paypal,4,1,5
pays,2,3,5
pbnjen,0,1,1
pc,11,8,19
pch,0,1,1
pcos,0,1,1
pd,3,0,3
pdf,0,2,2
peace,74,6,80
peaced,1,0,1
peaceful,1,1,2
peacefully,2,0,2
peach,0,2,2
peaches,1,0,1
peachy,1,0,1
peak,0,1,1
peaks,0,1,1
peal,1,0,1
peanut,1,1,2
pearl,2,1,3
pears,0,1,1
pearshapebodygirl,0,1,1
pecker,0,1,1
pecking,0,1,1
peddies,0,1,1
peddle,1,0,1
pediatrician,1,0,1
pediatrics,0,1,1
pedicure,1,0,1
pee,1,1,2
peeing,0,2,2
peeked,1,0,1
peektures,0,1,1
peel,0,1,1
peeled,0,1,1
peep,0,2,2
peepers,0,1,1
peeps,4,5,9
peet,1,0,1
peg,0,1,1
pegged,1,0,1
pekalongan,0,1,1
pelosi,1,0,1
pen,1,0,1
penang,0,1,1
penclip,0,1,1
penguin,1,0,1
penis,0,1,1
penn,0,5,5
pennies,1,0,1
people,62,69,131
peoplebrowsr,0,1,1
peoples,1,1,2
pepper,2,1,3
peppermint,1,0,1
pepsi,1,0,1
per,3,2,5
perez,3,0,3
perezhiltonr,1,0,1
perfec,1,0,1
perfect,6,6,12
perfection,0,2,2
perfectly,2,3,5
perfecto,0,1,1
perform,0,1,1
performance,3,0,3
performed,0,1,1
performing,0,1,1
perhaps,1,9,10
period,1,1,2
perl,0,1,1
perm,2,0,2
permission,0,1,1
permite,1,0,1
permitted,0,1,1
pero,1,0,1
perpetual,1,0,1
perry,2,1,3
persiankiwi,1,0,1
persistent,1,0,1
person,27,14,41
personal,5,4,9
personality,1,2,3
personalized,0,1,1
personally,2,4,6
persons,0,1,1
perspective,1,0,1
persuade,0,1,1
perth,0,1,1
peru,1,1,2
pervasive,1,0,1
perverted,1,0,1
pesos,1,0,1
pestering,1,0,1
pet,2,2,4
petal,0,1,1
pete,2,1,3
peter,2,3,5
pets,0,1,1
pf,1,1,2
pfers,0,1,1
ph,1,0,1
phahahah,1,0,1
phase,1,1,2
phd,0,1,1
phenomenon,1,0,1
pherb,0,1,1
phew,2,3,5
phewww,0,1,1
phil,0,2,2
philip,0,1,1
phillipe,1,0,1
phillipines,0,1,1
philly,3,0,3
philo,0,1,1
philosophy,0,1,1
phineas,0,1,1
phishing,0,1,1
phoenix,3,2,5
phome,1,0,1
phone,53,22,75
phoneless,1,0,1
phones,0,3,3
phoning,1,0,1
phoro,0,1,1
photo,6,14,20
photoboth,0,2,2
photographer,1,0,1
photographs,0,1,1
photography,1,3,4
photos,5,11,16
photoshoot,0,5,5
photoshop,3,2,5
photosmart,0,1,1
php,1,2,3
phptal,0,1,1
phwoar,0,1,1
phx,1,1,2
physical,1,1,2
physically,0,1,1
physics,1,2,3
physiotherapy,1,0,1
piano,0,2,2
pic,14,23,37
picadilly,1,0,1
piccis,0,1,1
pichu,0,1,1
pick,10,7,17
picked,1,2,3
pickin,1,1,2
picking,3,2,5
picky,1,0,1
picnic,2,3,5
pics,5,16,21
picture,12,14,26
pictured,0,1,1
pictures,9,9,18
piczo,0,1,1
pidgin,0,1,1
pie,0,5,5
piece,4,4,8
pieces,2,0,2
pierce,0,2,2
pies,1,1,2
pig,0,1,1
pigeon,1,1,2
piggin,1,0,1
pigs,1,2,3
piktchas,0,1,1
pill,0,1,1
pillow,1,1,2
pillows,1,0,1
pills,1,2,3
pilot,2,0,2
pimp,1,0,1
pimple,1,0,1
pina,0,1,1
pinch,1,1,2
pineapple,0,1,1
pink,4,2,6
pinkberry,2,0,2
pinkie,0,1,1
pinky,0,1,1
pinned,0,1,1
pint,1,2,3
pipes,1,0,1
piracy,0,1,1
piss,1,0,1
pissed,7,2,9
pisses,4,0,4
pissoff,1,0,1
pita,1,0,1
pitch,3,0,3
pity,2,3,5
pix,0,1,1
pixels,0,1,1
pixie,0,1,1
pixies,0,1,1
pizza,3,14,17
pj,1,1,2
pjs,2,1,3
pjsras,0,1,1
pk,0,1,1
place,19,28,47
placement,1,2,3
placenta,0,1,1
placere,0,1,1
places,3,2,5
placess,1,0,1
plain,2,2,4
plan,9,10,19
plane,5,2,7
planes,1,0,1
planet,0,4,4
planned,4,5,9
planning,2,10,12
plano,1,0,1
plans,9,8,17
plansss,1,0,1
plant,1,2,3
planted,0,1,1
plasma,1,0,1
plastic,2,1,3
plate,2,0,2
platform,0,1,1
plato,0,1,1
play,16,12,28
played,3,7,10
player,0,3,3
playeres,1,0,1
players,0,1,1
playground,1,0,1
playin,0,2,2
playing,28,19,47
playingggg,0,1,1
playlist,1,1,2
playlists,1,0,1
plays,1,2,3
playvideo,0,1,1
pleaaase,0,1,1
pleaase,1,0,1
pleasant,0,3,3
please,50,57,107
pleased,0,3,3
pleaseeee,0,1,1
pleasing,0,2,2
pleasure,1,4,5
pledging,0,1,1
plenty,1,6,7
pllleeeeaaasssseee,0,1,1
pls,6,5,11
plue,0,2,2
plug,0,2,2
plugged,0,1,1
plugin,2,1,3
plugs,0,1,1
plumber,2,0,2
plumbing,1,0,1
plump,0,1,1
plurk,1,5,6
plus,8,11,19
pluto,0,1,1
plz,2,5,7
pm,26,12,38
pmmp,0,2,2
pmt,1,1,2
pneumonia,1,0,1
pnuemonia,1,0,1
po,1,0,1
pobre,1,0,1
pocket,2,0,2
pockets,1,1,2
pod,1,1,2
podcast,0,4,4
podcasting,0,1,1
podcasts,1,5,6
poeple,1,0,1
pogo,0,1,1
point,4,15,19
pointe,2,0,2
pointed,0,1,1
pointless,0,1,1
points,2,6,8
pois,0,1,1
poison,2,0,2
poisoning,2,0,2
poke,1,1,2
pokemon,2,0,2
poker,1,2,3
pokerstars,0,1,1
poland,0,4,4
polarisrentals,0,1,1
pole,2,0,2
poli,1,0,1
police,1,1,2
policies,1,0,1
polish,1,0,1
polishing,0,1,1
polite,0,1,1
political,1,3,4
politician,0,1,1
poll,0,2,2
pollen,1,1,2
pollock,0,1,1
polly,1,0,1
polo,2,0,2
polyester,0,1,1
pomona,1,1,2
pond,2,1,3
pondering,1,0,1
pongo,1,0,1
ponies,1,0,1
ponys,1,0,1
poo,1,0,1
poodle,1,0,1
poof,0,1,1
pooh,1,0,1
pookie,0,1,1
pool,23,2,25
pools,2,0,2
poolside,2,0,2
poool,1,0,1
poooooool,1,0,1
poop,4,1,5
pooped,2,1,3
poor,38,7,45
poorer,0,1,1
poorly,4,1,5
poos,1,0,1
pop,3,5,8
popcorn,2,1,3
popculture,0,1,1
popped,2,0,2
poppin,1,1,2
pops,1,0,1
popular,1,3,4
populating,0,1,1
popup,0,1,1
por,0,1,1
porch,3,0,3
porn,0,1,1
porque,1,0,1
porridge,1,1,2
port,1,0,1
portable,1,1,2
portfolio,1,0,1
portia,0,1,1
portland,0,4,4
portlets,0,1,1
porto,1,1,2
portsmouth,1,0,1
portuguese,1,0,1
pos,2,0,2
pose,1,1,2
posed,1,0,1
posi,1,0,1
posibly,1,0,1
posing,0,1,1
positions,2,0,2
positive,0,7,7
positively,0,1,1
positivity,0,1,1
possess,1,0,1
possessed,1,0,1
possible,4,4,8
possibly,4,7,11
post,15,28,43
postcard,0,1,1
postear,1,0,1
posted,5,12,17
poster,7,0,7
posters,1,0,1
posting,1,6,7
postman,0,1,1
posts,2,4,6
pot,1,3,4
potato,1,3,4
potc,0,1,1
potential,1,0,1
potro,1,0,1
potter,1,2,3
pouco,0,1,1
pound,0,2,2
pounding,2,0,2
pounds,1,2,3
pour,0,2,2
pouring,7,0,7
pours,0,1,1
pout,1,0,1
pouts,0,1,1
pow,0,1,1
powdered,1,0,1
power,8,3,11
powerbook,1,0,1
powercut,1,0,1
powered,0,1,1
powerful,1,2,3
powerless,1,0,1
poynter,0,1,1
ppc,0,2,2
ppl,10,6,16
ppukm,0,1,1
pr,2,1,3
practical,0,1,1
practically,1,1,2
practice,4,2,6
practices,1,0,1
practicing,1,1,2
prague,2,0,2
praiaaaaaaa,1,0,1
prairie,1,0,1
praise,1,1,2
prankster,0,1,1
pray,5,5,10
prayer,2,1,3
prayers,24,1,25
prayin,0,1,1
praying,10,2,12
pre,9,3,12
preachy,1,0,1
precious,0,2,2
precise,0,1,1
preciso,1,0,1
predicitve,0,1,1
predict,0,1,1
predictable,0,1,1
predictions,1,1,2
predlets,0,1,1
preexisting,1,0,1
prefer,1,9,10
prefix,0,1,1
preggogals,1,0,1
pregnancy,0,1,1
pregnant,1,0,1
prejudice,0,1,1
premier,0,1,1
premiere,0,4,4
premium,1,1,2
premonition,1,0,1
prep,0,1,1
preparation,0,2,2
prepare,2,2,4
prepared,0,4,4
preparing,3,3,6
prepping,2,0,2
preps,0,1,1
presale,2,0,2
present,1,3,4
presentation,1,4,5
presentations,0,1,1
presenting,0,1,1
presents,1,0,1
president,1,1,2
presribed,1,0,1
press,1,4,5
pressed,1,0,1
pressies,0,1,1
pressure,2,2,4
pressured,0,1,1
pretend,2,1,3
pretoria,0,1,1
prettiest,1,0,1
prettty,1,0,1
pretty,22,47,69
pretzels,0,1,1
preview,0,1,1
previews,0,1,1
previous,1,1,2
previously,0,2,2
prezbo,1,0,1
prezijes,0,1,1
pri,0,1,1
price,2,3,5
priced,1,0,1
priceless,0,1,1
prices,2,2,4
pricing,0,1,1
prick,0,1,1
prics,1,0,1
prictices,0,1,1
pride,2,1,3
priests,0,1,1
prigg,0,1,1
prilzezitosti,0,1,1
prima,1,0,1
primary,2,0,2
prime,1,1,2
primeval,1,0,1
primrose,0,1,1
prince,0,4,4
princes,1,0,1
princess,0,1,1
principal,0,1,1
principales,0,1,1
principle,0,1,1
print,2,5,7
printed,1,0,1
printer,2,0,2
printhead,1,0,1
printing,2,2,4
priority,1,0,1
prison,2,0,2
pristine,0,1,1
privacy,0,1,1
private,3,0,3
privilege,0,1,1
prize,1,0,1
pro,2,13,15
prob,3,4,7
probably,19,19,38
problem,10,18,28
problems,7,5,12
probly,1,0,1
probs,2,2,4
probz,0,1,1
procedure,1,0,1
proceed,0,1,1
process,4,5,9
processing,1,0,1
procrastinating,2,0,2
prodigy,0,2,2
produce,0,1,1
produced,0,1,1
producers,1,1,2
produces,0,1,1
producing,0,1,1
product,1,2,3
production,1,2,3
productive,4,4,8
products,2,3,5
profession,1,0,1
professional,2,2,4
professor,0,1,1
professors,1,1,2
proffesional,1,0,1
profile,3,5,8
profits,0,1,1
program,2,4,6
programme,1,0,1
programmers,1,1,2
programs,0,1,1
progress,0,5,5
progressing,1,2,3
prohibited,0,1,1
prohibitive,0,1,1
project,4,9,13
projectors,1,0,1
prolly,1,2,3
prom,8,1,9
promese,1,0,1
promise,4,6,10
promised,1,1,2
promisin,0,1,1
promising,1,2,3
promo,0,1,1
promos,1,0,1
promote,0,2,2
promoted,0,1,1
promotes,0,1,1
promoting,1,0,1
promotion,1,0,1
promptings,0,1,1
proms,1,0,1
pron,1,0,1
pronto,1,1,2
proofing,0,1,1
prop,1,0,1
proper,4,0,4
properly,3,3,6
proposal,3,0,3
proposed,2,0,2
props,0,2,2
proscout,1,0,1
prospect,1,0,1
protect,1,0,1
protection,1,1,2
protestant,0,1,1
prototype,1,0,1
proud,1,10,11
prov,1,0,1
prove,1,1,2
proved,0,1,1
proves,0,2,2
provided,0,1,1
providing,0,1,1
provincial,1,0,1
proxy,1,0,1
prying,1,0,1
ps,4,3,7
psfk,0,1,1
psguard,0,1,1
pshh,1,0,1
psn,1,0,1
psp,2,3,5
psquared,0,1,1
pssh,0,1,1
pst,1,0,1
psych,0,1,1
psycho,0,1,1
psychobilly,0,1,1
psychologists,1,0,1
pting,1,0,1
pto,1,0,1
pub,3,2,5
public,5,5,10
publicist,0,1,1
publicwhip,0,1,1
publish,0,1,1
published,0,2,2
publishing,1,0,1
publix,1,0,1
puchita,1,0,1
puchong,2,0,2
pucker,0,1,1
puddin,1,0,1
pudding,4,0,4
puddles,1,0,1
puds,0,1,1
puff,1,1,2
puffs,0,1,1
pug,0,2,2
puke,3,0,3
puked,2,0,2
pukkelpop,0,1,1
pull,2,2,4
pulled,5,2,7
pullin,0,1,1
pulling,0,1,1
pump,1,0,1
pumped,2,1,3
pumping,0,1,1
pumpkin,1,0,1
pun,0,2,2
punch,0,2,2
punches,0,1,1
punishing,0,1,1
punjabi,0,1,1
punk,0,1,1
pupil,0,1,1
pupils,1,0,1
puppies,1,2,3
puppy,3,5,8
pups,1,1,2
purchase,1,0,1
purchased,1,0,1
purdiness,0,1,1
purdue,0,1,1
pure,2,6,8
purely,1,0,1
purple,6,2,8
purplebear,1,0,1
purse,1,0,1
purses,0,1,1
push,0,3,3
pushing,2,1,3
pussy,0,1,1
put,29,34,63
puter,1,0,1
puts,0,2,2
putt,2,0,2
putting,4,10,14
puurrrcausa,1,0,1
puzzled,0,1,1
pw,1,0,1
px,0,1,1
pyt,0,1,1
python,0,1,1
qcsdv,0,1,1
qik,1,0,1
qku,0,1,1
qld,0,1,1
qo,1,0,1
qoh,1,0,1
qoosfr,0,1,1
qoutes,0,1,1
quad,0,1,1
quadruple,1,0,1
qualities,0,1,1
quality,2,7,9
quantity,0,2,2
quarantined,1,0,1
quarter,1,0,1
quartet,1,0,1
quasi,0,1,1
que,3,0,3
queden,0,1,1
queen,1,2,3
queezy,1,0,1
queries,0,1,1
question,4,15,19
questions,3,3,6
queued,1,0,1
quick,5,11,16
quickly,0,2,2
quid,1,0,1
quiet,7,3,10
quilt,0,2,2
quilting,1,0,1
quilts,1,0,1
quinn,0,2,2
quintessential,1,0,1
quirky,0,1,1
quit,0,1,1
quite,15,24,39
quitting,1,0,1
quiz,3,1,4
quizez,1,0,1
quizmania,1,0,1
quizzes,1,0,1
qullie,0,1,1
quota,1,0,1
quotation,0,1,1
quotations,0,1,1
quote,1,7,8
quoted,0,2,2
quotes,0,6,6
rabbid,0,1,1
rabbit,0,1,1
rabbits,0,1,1
race,3,3,6
races,0,1,1
rachel,2,1,3
racing,0,1,1
racist,2,0,2
rack,0,1,1
racks,0,1,1
rad,0,1,1
radar,1,0,1
radford,1,1,2
radiation,0,1,1
radin,1,0,1
radio,8,11,19
radiographic,0,1,1
rae,1,1,2
raf,0,1,1
rafters,0,1,1
raging,1,0,1
rah,1,0,1
raha,1,0,1
raid,1,0,1
raideil,0,1,1
railroad,0,1,1
rain,41,10,51
rainbow,0,1,1
rained,2,0,2
raining,21,3,24
rainny,1,0,1
rains,0,1,1
rainy,2,1,3
raise,0,1,1
raiser,2,0,2
raisin,0,1,1
ram,2,2,4
ramadhan,1,0,1
ramblings,0,1,1
ramdomthoughts,0,1,1
ramming,1,0,1
ran,4,3,7
ranch,0,1,1
random,5,16,21
randomly,1,1,2
randomthoughts,0,1,1
rang,0,1,1
range,0,1,1
ranger,0,1,1
rank,1,0,1
rant,0,2,2
rap,0,1,1
rape,1,0,1
raped,0,1,1
rapids,1,0,1
rapidshare,1,0,1
raping,1,0,1
rappin,1,0,1
rarely,1,0,1
rashmi,0,1,1
raspberries,2,0,2
raspberry,1,2,3
rat,1,0,1
rate,1,2,3
rated,1,0,1
rates,0,1,1
rather,5,11,16
rating,1,0,1
ratings,1,0,1
rats,1,0,1
raus,0,2,2
ravin,0,1,1
ravioli,1,0,1
raw,0,3,3
rawr,0,2,2
ray,2,1,3
raya,1,0,1
raynin,1,0,1
rays,1,1,2
razorblade,0,1,1
rb,1,1,2
rc,2,0,2
rd,4,5,9
rdp,0,1,1
re,61,154,215
reach,2,3,5
reached,1,1,2
reaching,0,1,1
reaction,1,0,1
read,32,39,71
reader,1,1,2
readers,1,0,1
reading,9,24,33
readings,0,2,2
readjustment,0,1,1
reads,0,2,2
ready,35,35,70
real,26,28,54
realeasing,1,0,1
realise,2,1,3
realised,2,3,5
reality,1,4,5
realize,4,4,8
realized,12,2,14
realizes,2,0,2
realllllyyy,1,0,1
reallly,1,0,1
realllyy,0,1,1
really,170,111,281
reallyyy,0,2,2
realmente,0,1,1
reals,1,1,2
realy,2,0,2
reason,17,9,26
reasonable,0,3,3
reasoning,1,1,2
reasons,2,0,2
reba,0,1,1
rebecca,1,1,2
reboot,2,0,2
rebuild,0,1,1
rec,1,0,1
reccomend,0,1,1
receive,2,1,3
received,2,3,5
receiving,1,1,2
recent,2,1,3
recently,6,3,9
reception,2,1,3
recess,1,0,1
recession,2,1,3
recipe,0,1,1
recital,1,0,1
recited,0,1,1
reciting,0,1,1
reckon,0,2,2
reclaimed,0,1,1
recognised,0,1,1
recognized,0,2,2
recoil,0,1,1
recommend,0,3,3
recommendation,2,0,2
recommendations,1,1,2
recommended,1,1,2
reconsider,1,0,1
record,1,6,7
recorded,2,3,5
recording,1,5,6
recordings,0,1,1
recover,1,2,3
recovering,0,2,2
recovery,2,2,4
recs,0,2,2
recurring,1,0,1
recyclables,1,0,1
recycling,0,1,1
red,14,25,39
redbull,0,2,2
redeem,1,0,1
redesign,0,1,1
redmond,2,0,2
redsox,0,1,1
reduce,0,1,1
reeeal,0,1,1
reel,1,0,1
reeses,0,1,1
refactoring,0,1,1
reference,1,2,3
references,0,2,2
referencing,1,0,1
referrals,0,1,1
referring,2,3,5
reflect,1,0,1
reflecting,0,1,1
reflection,0,2,2
reflections,0,1,1
refreshed,0,1,1
refreshing,1,2,3
refuel,1,0,1
refuses,2,0,2
regarded,0,1,1
regarding,2,1,3
regaring,0,1,1
reggae,1,0,1
region,1,0,1
regional,1,0,1
register,1,2,3
registered,1,0,1
registration,0,1,1
regress,1,0,1
regret,3,3,6
regretting,1,0,1
reguards,0,1,1
regular,3,3,6
regularly,0,1,1
rehearsal,0,1,1
rehydrate,0,1,1
reinstall,2,0,2
reisinger,1,0,1
rejections,0,1,1
rekids,1,0,1
relate,0,2,2
related,0,3,3
relations,0,1,1
relationship,1,1,2
relatives,1,0,1
relax,1,2,3
relaxed,0,1,1
relaxing,2,4,6
relay,1,0,1
release,3,3,6
released,2,2,4
releases,1,0,1
releasing,1,0,1
relegated,1,0,1
reli,1,0,1
reliance,0,1,1
relieve,1,0,1
relieved,0,1,1
religion,0,2,2
religious,1,0,1
relive,0,1,1
relli,1,0,1
relocation,0,1,1
reluctant,0,1,1
remaining,2,2,4
remarry,1,0,1
remedy,0,2,2
remember,26,26,52
remembered,6,3,9
remembering,2,1,3
remind,0,2,2
reminded,0,1,1
reminder,0,2,2
reminding,0,1,1
reminds,3,3,6
reminiscing,1,0,1
remixes,0,1,1
remodeling,0,1,1
remote,1,1,2
remotely,1,0,1
remove,1,0,1
removed,2,1,3
removing,0,1,1
ren,1,0,1
renata,0,2,2
rendang,0,1,1
render,1,0,1
rendering,5,0,5
rendition,0,1,1
renegade,1,0,1
renew,2,0,2
renewal,1,0,1
renovate,0,1,1
renovated,1,0,1
renren,1,0,1
rent,0,1,1
rental,1,0,1
reopen,1,0,1
rep,1,0,1
repair,3,0,3
repairs,0,2,2
repeat,1,4,5
repeated,0,1,1
repeating,0,1,1
replace,0,1,1
replaced,3,0,3
replacement,1,1,2
replacing,1,0,1
replay,0,1,1
replied,1,5,6
replies,4,0,4
reply,14,25,39
replying,0,2,2
report,5,3,8
reported,3,0,3
reporter,0,1,1
reporting,1,1,2
reports,3,0,3
repost,1,0,1
reppin,0,1,1
represent,0,1,1
representative,1,0,1
reprise,0,1,1
reprot,1,0,1
reps,0,1,1
republic,1,0,1
republican,1,0,1
req,1,0,1
reqs,0,1,1
request,0,1,1
requested,0,1,1
required,1,1,2
requirement,0,1,1
requires,1,0,1
requisites,1,0,1
rerun,0,2,2
reschedule,3,0,3
rescue,0,3,3
rescued,0,2,2
research,2,8,10
researching,1,2,3
reseller,0,1,1
resend,0,1,1
reserve,1,2,3
reset,1,1,2
resharper,0,1,1
resident,1,0,1
resign,0,1,1
resist,3,1,4
resit,1,0,1
resnice,0,1,1
resolution,0,1,1
resolver,1,0,1
reson,1,0,1
respect,1,3,4
respectable,0,1,1
respiratory,1,0,1
respond,0,1,1
responded,2,3,5
responds,1,0,1
response,0,3,3
responsibilities,1,2,3
responsibility,1,0,1
responsible,0,1,1
rest,81,20,101
restart,1,0,1
restarting,2,0,2
restaurant,1,3,4
restful,0,1,1
resting,2,0,2
restless,1,0,1
restore,2,0,2
restored,0,1,1
result,1,4,5
results,4,4,8
resume,0,1,1
resumed,0,1,1
retail,2,1,3
retailer,0,1,1
retained,0,1,1
retarded,1,1,2
retired,1,0,1
retirement,1,0,1
retiring,1,0,1
retract,0,1,1
retreat,1,0,1
retro,0,1,1
return,8,2,10
returned,0,1,1
returns,0,3,3
retweet,0,7,7
retweeting,3,0,3
reunion,0,2,2
reuters,1,0,1
rev,0,2,2
reva,0,1,1
revamp,1,0,1
reveal,0,1,1
reverse,1,0,1
review,1,2,3
reviews,2,0,2
revision,0,1,1
revolt,1,1,2
revolution,1,1,2
revolves,0,1,1
rewrite,1,0,1
rex,1,0,1
rhian,0,1,1
rhymes,0,1,1
ri,1,0,1
ria,0,1,1
riaa,1,0,1
rib,1,0,1
ribbon,0,1,1
ribeana,0,1,1
ribs,1,0,1
ricardo,1,0,1
rice,1,1,2
rich,0,4,4
richard,1,1,2
richards,1,0,1
richardson,0,1,1
riche,0,1,1
richer,0,1,1
richie,0,1,1
rick,0,2,2
rickp,1,0,1
rickshaw,0,1,1
rid,3,2,5
ride,8,7,15
rider,0,1,1
riders,1,0,1
rides,0,2,2
ridiculous,2,1,3
ridiculously,2,1,3
riding,5,1,6
riedel,0,1,1
right,80,69,149
riley,0,2,2
rims,1,0,1
ring,5,3,8
ringcon,1,0,1
ringing,2,0,2
rings,2,0,2
ringtone,0,1,1
rip,137,1,138
ripe,0,1,1
ripfarrahfawcett,1,0,1
ripped,1,0,1
rise,0,1,1
rising,0,1,1
risk,0,2,2
risks,0,1,1
risky,1,0,1
ritcheys,0,1,1
rite,3,1,4
rites,2,0,2
ritter,1,0,1
rival,1,0,1
river,3,1,4
riverwalk,1,0,1
riveting,0,2,2
rlly,1,1,2
rm,2,1,3
rmb,1,0,1
rnd,1,0,1
ro,0,1,1
roach,1,0,1
road,7,7,14
roadkill,1,0,1
roadtrip,1,2,3
roaming,1,0,1
roar,0,1,1
roasted,0,1,1
rob,1,4,5
robbed,1,0,1
robbery,1,0,1
robert,2,1,3
robin,1,2,3
robinson,0,1,1
robot,1,0,1
robotic,1,0,1
robots,1,1,2
rock,6,21,27
rockband,1,0,1
rocked,0,2,2
rocketriot,1,0,1
rockies,1,0,1
rockin,0,3,3
rocking,1,5,6
rocks,3,8,11
rockstar,0,1,1
rockstars,0,1,1
rocky,0,1,1
rod,0,2,2
rode,0,1,1
rodeo,2,0,2
rodneys,0,1,1
rofl,0,3,3
rofled,0,1,1
roflmao,0,1,1
roger,0,1,1
rogue,0,1,1
rolando,1,0,1
role,2,4,6
roll,2,7,9
rollan,1,0,1
rolled,1,1,2
rollercoasters,1,0,1
rolll,0,1,1
rolls,1,3,4
romance,0,2,2
romanian,0,1,1
romantic,1,2,3
rome,0,1,1
romm,0,1,1
rompers,0,2,2
romulan,1,0,1
ron,0,2,2
roof,0,1,1
rooftop,1,0,1
room,19,24,43
roomie,1,0,1
roommate,0,1,1
rooms,0,1,1
root,1,1,2
rootin,0,1,1
roots,0,1,1
ropes,1,0,1
ror,0,1,1
rosa,1,0,1
rosauro,0,1,1
rose,0,3,3
rosie,1,0,1
ross,0,1,1
rossi,0,1,1
rotation,1,0,1
rotf,1,0,1
roubaix,0,1,1
rough,3,3,6
roughly,1,0,1
round,2,2,4
rounds,0,1,1
rourke,0,1,1
route,0,2,2
routes,0,1,1
routine,0,1,1
rovio,0,1,1
row,4,2,6
rowland,1,0,1
rowr,0,1,1
roxx,0,1,1
roxy,0,1,1
royal,0,1,1
royice,1,0,1
royksopp,0,1,1
rrrrrr,0,1,1
rry,0,1,1
rs,0,1,1
rss,0,1,1
rt,3,0,3
rtr,0,1,1
ru,0,1,1
rubber,1,0,1
rubbin,1,0,1
rubbing,2,0,2
rubbish,6,2,8
rubins,0,1,1
ruby,0,2,2
rudd,0,3,3
ruddy,1,0,1
rude,3,2,5
rudely,1,0,1
rue,1,0,1
rug,2,1,3
ruin,2,0,2
ruined,6,0,6
ruining,1,1,2
ruins,1,0,1
rule,2,2,4
rules,1,1,2
rulesss,0,1,1
rum,0,2,2
rumah,0,1,1
rumors,1,0,1
run,16,20,36
runaway,1,0,1
rundown,1,1,2
runkeeper,1,0,1
runner,1,0,1
runnin,0,1,1
running,8,10,18
runs,3,3,6
runy,0,1,1
rupaul,0,1,1
rupee,0,1,1
rupert,0,1,1
rush,1,1,2
rushing,2,1,3
rushworth,0,1,1
russ,0,1,1
russel,0,1,1
russell,0,1,1
russian,1,2,3
russianrullet,0,1,1
russians,1,0,1
russin,1,0,1
rusted,0,1,1
rva,1,0,1
rwa,1,0,1
ry,1,0,1
ryan,18,4,22
ryanodonnell,0,1,1
ryanrossfanz,0,1,1
ryans,1,0,1
rye,0,1,1
ryt,0,1,1
sa,0,4,4
saad,1,0,1
sac,0,1,1
sacramento,1,0,1
sad,375,9,384
saddened,8,0,8
saddens,4,0,4
sadder,1,0,1
saddest,8,0,8
saddle,0,2,2
saddness,1,0,1
sadened,1,0,1
sadface,1,0,1
sadist,1,0,1
sadistic,0,1,1
sadly,18,1,19
sadness,4,1,5
safari,2,0,2
safe,4,8,12
safely,1,0,1
safety,0,1,1
saga,1,0,1
sage,1,0,1
saget,0,1,1
said,32,19,51
sainsburys,0,1,1
saint,0,1,1
salad,2,5,7
salam,0,1,1
salary,0,1,1
sale,1,1,2
sales,2,4,6
salespeople,0,1,1
salesy,0,1,1
salinger,1,0,1
salman,0,1,1
salsa,0,2,2
salt,0,2,2
saltash,1,0,1
salty,0,2,2
sam,3,9,12
sama,0,1,1
samaaa,1,0,1
samantha,1,0,1
same,38,30,68
sami,0,1,1
samir,0,1,1
sammie,0,1,1
sammy,1,0,1
samosas,0,1,1
sample,0,2,2
samples,1,0,1
san,3,7,10
sana,0,1,1
sancha,0,1,1
sanchez,1,0,1
sand,0,1,1
sandman,1,0,1
sandra,0,1,1
sandwhich,0,1,1
sandwich,3,2,5
sandwiched,0,1,1
sandwiches,1,1,2
sanford,1,0,1
sang,1,0,1
santa,0,1,1
santiagos,1,0,1
sanu,0,1,1
sao,1,0,1
sappose,1,0,1
sappy,0,1,1
sara,1,1,2
sarah,1,2,3
sarapan,0,1,1
sarcasm,1,4,5
sarcasmagorical,0,1,1
sarri,0,1,1
sasha,2,0,2
saskatchewan,1,0,1
sat,9,3,12
satch,0,1,1
saturated,1,0,1
saturdaayyy,1,0,1
saturday,18,7,25
sauce,1,1,2
sauna,1,0,1
saurus,0,1,1
sausages,0,1,1
savannahxo,1,0,1
save,7,7,14
saved,1,2,3
saving,1,3,4
savings,3,0,3
saw,40,34,74
sawdust,1,0,1
sawww,0,1,1
sax,0,1,1
saxon,3,0,3
say,57,69,126
sayhaitojen,1,0,1
sayin,0,3,3
saying,10,10,20
says,17,13,30
sayy,1,0,1
sb,1,0,1
sc,1,1,2
scabs,1,0,1
scam,0,1,1
scampered,1,0,1
scan,1,0,1
scandalously,0,1,1
scanners,0,1,1
scanning,0,1,1
scare,1,0,1
scared,10,5,15
scareded,1,0,1
scares,3,0,3
scarf,0,2,2
scariest,1,0,1
scarlett,1,0,1
scary,2,3,5
scaryyy,0,1,1
scee,1,0,1
scenarios,0,1,1
scene,1,2,3
scenery,0,2,2
scenes,1,0,1
scentsational,0,1,1
schade,1,0,1
sched,1,0,1
schedule,5,1,6
schedules,1,0,1
scheme,1,0,1
scheming,0,1,1
schindler,0,1,1
schlimmes,1,0,1
schmeer,1,0,1
scholarly,0,1,1
school,66,29,95
schools,2,1,3
sci,1,2,3
science,2,3,5
scientific,0,1,1
scissor,1,0,1
scissors,1,0,1
scoble,0,2,2
scones,0,2,2
scooby,0,1,1
scope,0,1,1
scorching,3,0,3
score,0,1,1
scored,0,2,2
scores,3,1,4
scotch,0,2,2
scotland,0,2,2
scott,1,3,4
scottish,0,1,1
scowls,0,1,1
scrapbooking,0,1,1
scratch,4,0,4
scratched,2,0,2
scream,1,2,3
screaming,2,1,3
screams,1,0,1
screen,0,6,6
screencaps,0,1,1
screw,3,0,3
screwed,6,0,6
screwing,1,1,2
screwup,1,0,1
scribes,0,1,1
script,0,3,3
scripture,0,1,1
scrooge,1,0,1
scrounge,0,1,1
scrub,1,0,1
sculls,1,0,1
scum,0,1,1
scummy,0,1,1
scuttle,0,1,1
sd,0,1,1
sdnevent,1,0,1
se,2,4,6
sea,2,2,4
seahorse,0,1,1
seal,0,1,1
seals,1,0,1
seamonkey,1,0,1
sean,1,1,2
search,4,6,10
searches,0,1,1
searching,1,3,4
seas,0,1,1
season,19,13,32
seasoning,0,1,1
seasonnnnnn,0,1,1
seasons,0,1,1
seat,2,3,5
seater,1,0,1
seating,1,0,1
seats,2,0,2
seattle,1,2,3
seaweed,0,1,1
seb,0,1,1
sebastian,1,0,1
sec,1,1,2
second,10,9,19
secondment,0,1,1
seconds,1,0,1
secret,2,3,5
secretary,0,1,1
secretly,1,0,1
secs,1,1,2
section,2,1,3
secure,1,1,2
security,3,1,4
sedang,1,0,1
seddon,0,1,1
see,107,150,257
seed,0,1,1
seeds,2,0,2
seeeehr,1,0,1
seeeerious,1,0,1
seegg,0,1,1
seeing,8,13,21
seek,1,2,3
seekers,0,1,1
seem,18,6,24
seemed,3,3,6
seemingly,0,1,1
seems,14,18,32
seen,26,13,39
seeped,1,0,1
seesmic,1,0,1
seeya,0,1,1
sehr,0,1,1
seizing,1,0,1
sel,0,1,1
selection,0,1,1
selena,0,1,1
self,7,9,16
selinux,0,1,1
sell,5,4,9
sem,0,1,1
semester,0,2,2
semi,1,0,1
seminar,1,0,1
semms,1,0,1
senate,1,0,1
sence,0,1,1
send,22,17,39
sending,6,4,10
sends,1,0,1
seng,1,0,1
senior,1,1,2
sennen,0,1,1
sennheiser,1,1,2
sense,4,7,11
sensitive,1,0,1
sensor,1,0,1
sent,4,12,16
senter,1,0,1
separately,1,0,1
separators,1,0,1
seperate,1,0,1
sept,2,1,3
september,3,2,5
sequel,0,3,3
sequels,0,2,2
serendipity,0,2,2
serenity,1,0,1
serge,0,2,2
serial,1,0,1
series,3,12,15
serious,7,10,17
seriously,11,15,26
sermon,0,1,1
sermone,0,1,1
serranos,1,0,1
serve,1,0,1
server,5,3,8
servers,1,3,4
service,5,6,11
serving,0,2,2
sesh,1,0,1
session,4,8,12
sessions,1,1,2
set,15,19,34
sets,1,0,1
setting,1,2,3
settings,0,2,2
settle,1,1,2
settlers,0,1,1
settles,1,0,1
settlewrs,1,0,1
setup,0,2,2
seven,0,1,1
sever,1,0,1
several,2,1,3
severe,1,0,1
severin,1,0,1
sew,0,1,1
sewed,0,1,1
sewing,0,2,2
sex,2,2,4
sexiest,0,1,1
sexiicon,1,0,1
sexxy,0,1,1
sexy,2,7,9
sexyback,1,0,1
sezdawg,0,1,1
sf,2,4,6
sh,1,0,1
shachar,1,0,1
shadow,0,2,2
shadows,0,2,2
shafi,0,1,1
shag,0,1,1
shaggy,2,0,2
shah,1,1,2
shake,1,2,3
shakey,1,0,1
shaky,1,0,1
shall,5,11,16
sham,1,0,1
shame,18,2,20
shameless,1,0,1
shammond,0,1,1
shan,1,1,2
shana,1,0,1
shandy,0,1,1
shandys,0,1,1
shaney,0,2,2
shangri,1,0,1
shannon,1,0,1
shape,1,4,5
shaped,0,1,1
shaq,7,1,8
sharabi,0,1,1
sharapova,2,0,2
share,3,11,14
shared,1,1,2
sharepoint,2,0,2
shares,1,1,2
sharing,3,7,10
shark,1,1,2
sharks,0,1,1
sharons,1,0,1
sharp,0,1,1
sharpei,1,0,1
sharpish,0,1,1
sharted,0,1,1
shat,1,0,1
shattered,2,0,2
shaun,0,1,1
shauna,0,1,1
shawn,1,0,1
shaya,1,0,1
shazzam,0,1,1
she,220,62,282
shea,1,0,1
shedding,1,0,1
sheep,1,1,2
sheeps,0,1,1
sheesh,2,0,2
sheet,0,2,2
sheets,0,1,1
sheezey,0,1,1
sheffield,0,1,1
shehnsha,1,0,1
sheldawg,0,1,1
shelia,0,1,1
shell,1,2,3
shelled,0,1,1
shelley,1,0,1
shem,0,1,1
shenagians,0,1,1
sheppards,0,1,1
shery,0,1,1
shes,9,1,10
shh,0,1,1
shhhhhhhhhh,0,1,1
shia,3,1,4
shick,0,1,1
shield,2,0,2
shift,6,2,8
shifts,1,1,2
shihan,0,1,1
shiiit,0,1,1
shimasho,0,1,1
shimmy,0,2,2
shindig,0,1,1
shine,0,4,4
shiner,0,1,1
shines,0,1,1
shining,3,10,13
shinka,0,1,1
shinning,0,1,1
shiny,0,3,3
ship,2,2,4
shipping,0,4,4
shirt,9,6,15
shirts,4,2,6
shit,22,14,36
shite,2,1,3
shitless,1,0,1
shitload,0,1,1
shits,1,1,2
shitting,0,1,1
shittt,1,0,1
shittttty,1,0,1
shitty,5,0,5
shitz,1,0,1
shivering,1,0,1
shizzit,0,1,1
shizzz,1,0,1
shma,0,1,1
sho,0,2,2
shock,1,2,3
shocked,1,2,3
shocking,2,0,2
shoe,0,6,6
shoedazzle,0,1,1
shoes,6,4,10
shoooow,0,1,1
shoooting,0,1,1
shoot,2,7,9
shooter,0,1,1
shooting,2,1,3
shop,5,12,17
shopaholic,2,0,2
shopping,17,17,34
shoppping,0,1,1
shops,1,0,1
shore,0,1,1
short,10,15,25
shorter,4,0,4
shortest,1,0,1
shortlist,1,0,1
shortly,2,2,4
shorts,2,3,5
shot,7,2,9
shots,1,1,2
should,47,100,147
shoulda,3,0,3
shoulder,2,0,2
shoulders,5,1,6
shouldn,8,7,15
shouldnt,1,0,1
shouldve,1,0,1
shout,3,7,10
shouting,0,1,1
shoved,1,0,1
show,56,52,108
showcase,0,2,2
showed,1,0,1
shower,5,17,22
showered,2,0,2
showerrrrrr,1,0,1
showers,2,1,3
showing,4,1,5
shown,0,1,1
shows,11,8,19
showtime,1,0,1
shrimp,0,1,1
shrinked,1,0,1
shrinking,1,0,1
shrooms,0,1,1
shucks,2,0,2
shud,1,4,5
shuffle,0,1,1
shut,9,1,10
shutter,1,0,1
shy,1,1,2
si,1,2,3
siamese,1,0,1
sian,2,0,2
siavash,1,0,1
siblings,1,1,2
sicilians,0,1,1
sick,80,11,91
sickies,1,0,1
sickness,1,1,2
sicky,1,0,1
sid,0,1,1
side,15,18,33
sidebar,1,0,1
sidekick,2,0,2
sides,2,1,3
sideways,1,1,2
sietar,0,1,1
sig,1,0,1
sigaret,0,1,1
sigh,18,4,22
sighhh,1,0,1
sighhhh,1,0,1
sighs,1,1,2
sight,0,3,3
sighting,0,1,1
sights,0,1,1
sign,11,11,22
signal,4,1,5
signals,1,1,2
signature,1,1,2
signed,3,4,7
signing,0,2,2
signs,0,1,1
sike,0,1,1
sila,0,2,2
silence,2,2,4
silent,2,2,4
silicon,1,0,1
silk,2,1,3
silkcharm,0,1,1
silly,4,6,10
silverwater,0,1,1
similar,1,3,4
similiar,0,1,1
simon,1,0,1
simple,3,10,13
simplicity,1,1,2
simply,3,3,6
simpson,0,2,2
simpsons,0,2,2
sims,2,1,3
since,35,15,50
sind,1,0,1
sing,2,3,5
singapore,4,4,8
singed,1,0,1
singer,0,1,1
singers,0,1,1
singh,0,2,2
singing,8,7,15
single,4,1,5
singles,1,0,1
sining,0,1,1
sink,0,2,2
sinon,0,1,1
sins,0,1,1
sinus,1,0,1
siobhan,0,1,1
sipping,0,1,1
sir,2,6,8
sirius,1,0,1
sis,6,1,7
sistahs,0,1,1
sister,11,15,26
sisters,5,2,7
sit,3,5,8
sitch,1,0,1
site,18,19,37
sites,6,3,9
sittin,4,0,4
sitting,16,8,24
situations,1,1,2
six,5,1,6
sixty,0,1,1
size,2,4,6
sized,0,1,1
sj,1,0,1
sjo,1,0,1
ska,0,1,1
skank,1,0,1
skanks,1,0,1
skates,0,1,1
skating,1,0,1
skatinggg,0,1,1
sketching,0,1,1
ski,0,2,2
skids,1,0,1
skill,0,1,1
skills,1,2,3
skim,0,1,1
skin,2,5,7
skinned,1,0,1
skinny,4,3,7
skins,2,1,3
skint,1,0,1
skip,2,1,3
skirt,1,0,1
skittles,1,1,2
skiving,0,1,1
skl,1,0,1
skoo,1,0,1
skools,1,0,1
sku,0,1,1
skul,2,0,2
sky,4,1,5
skye,0,1,1
skyhd,0,1,1
skylines,1,0,1
skype,4,6,10
skyping,0,1,1
skys,0,1,1
skytrain,1,0,1
skytram,1,0,1
sl,0,1,1
slack,1,0,1
slackin,2,0,2
slam,0,1,1
slammed,1,0,1
slated,1,0,1
slave,1,0,1
slc,1,0,1
sleazy,0,1,1
sleeeeeeeeeep,0,1,1
sleeeeeep,1,0,1
sleeeeep,1,0,1
sleeeep,0,3,3
sleeeepin,0,1,1
sleeep,0,3,3
sleeepyy,0,1,1
sleep,59,101,160
sleepin,1,2,3
sleeping,9,19,28
sleepover,0,1,1
sleeps,0,4,4
sleepy,3,8,11
sleepystill,0,1,1
sleeve,1,0,1
slept,8,2,10
slesai,1,0,1
slg,1,0,1
slice,0,1,1
sliced,0,1,1
slicked,0,1,1
slide,1,0,1
slides,0,1,1
slightly,1,5,6
slighty,0,1,1
slimming,0,1,1
sling,1,0,1
slingplayer,0,1,1
slinky,0,1,1
slip,0,1,1
slipped,5,0,5
slipping,2,0,2
slo,1,0,1
sloooow,1,0,1
sloppy,0,1,1
slow,19,6,25
slowly,2,0,2
slowww,2,0,2
slp,1,0,1
slr,1,0,1
slumber,0,1,1
slumdog,0,1,1
slump,0,1,1
slushie,0,1,1
sluthood,0,1,1
sm,0,1,1
sma,1,0,1
smaaack,0,1,1
smacked,2,0,2
small,13,8,21
smalley,0,1,1
smart,5,8,13
smarter,0,1,1
smash,1,0,1
smell,6,4,10
smelled,1,0,1
smells,1,3,4
smh,6,2,8
smile,5,15,20
smiled,1,0,1
smileriffic,0,1,1
smiles,1,1,2
smileys,0,1,1
smiling,0,2,2
smith,1,2,3
smmmealllyalaaatarzzz,0,1,1
smock,1,0,1
smoke,1,3,4
smoked,0,1,1
smoking,2,3,5
smooth,0,2,2
smoothest,0,1,1
smoothie,2,0,2
smoothly,0,1,1
smothering,1,0,1
smradu,0,1,1
sms,1,2,3
smug,1,1,2
smuggle,0,1,1
smugmug,0,2,2
sn,1,0,1
snack,2,2,4
snacks,1,1,2
snag,1,0,1
snagged,0,1,1
snake,1,0,1
snakes,1,0,1
snap,2,0,2
snape,0,2,2
snapped,1,0,1
snatch,0,1,1
sneak,0,1,1
sneakers,1,0,1
sneeze,1,0,1
snibston,0,1,1
snickers,1,0,1
sniff,1,0,1
sniffles,1,1,2
sniffs,1,0,1
snitch,1,0,1
snob,0,1,1
snoopy,0,1,1
snooty,0,1,1
snore,0,1,1
snoring,1,2,3
snory,1,0,1
snow,0,2,2
snowboardlite,0,1,1
snowdays,1,0,1
snowed,0,1,1
snowing,0,2,2
snufsnuf,0,1,1
so,599,379,978
soaked,1,0,1
soap,1,2,3
soaps,1,0,1
soar,1,0,1
sob,1,0,1
sober,0,2,2
sobriety,1,0,1
sobs,1,0,1
socal,0,1,1
soccer,2,3,5
soccerball,0,1,1
social,1,3,4
socialized,0,1,1
socials,1,1,2
society,0,4,4
socks,0,3,3
soda,0,1,1
sodding,1,0,1
soemone,0,1,1
sofa,1,0,1
sofia,0,1,1
sofie,0,2,2
soft,2,2,4
softball,3,0,3
softies,0,1,1
software,3,1,4
soho,0,2,2
soinma,0,1,1
soir,1,0,1
soiree,0,1,1
soju,2,1,3
sold,18,4,22
soldier,2,0,2
solely,0,1,1
solid,1,0,1
solo,2,0,2
solomon,0,1,1
solution,4,1,5
solutions,1,0,1
soma,0,1,1
some,104,174,278
somebody,4,2,6
someday,2,4,6
somee,1,0,1
somehow,3,3,6
someone,50,22,72
someones,1,1,2
somethin,2,1,3
something,46,60,106
somethinggg,1,0,1
somethings,3,0,3
sometime,1,6,7
sometimes,8,7,15
somewhat,1,3,4
somewhere,6,7,13
sommer,1,0,1
son,8,8,16
song,18,27,45
songs,8,16,24
songxx,0,1,1
songz,1,0,1
sonnigen,0,1,1
sons,0,1,1
sony,0,2,2
soo,27,8,35
soon,55,45,100
sooner,2,0,2
soonish,0,1,1
sooo,23,11,34
sooon,2,0,2
soooo,15,9,24
sooooo,11,2,13
soooooo,1,0,1
sooooooo,2,1,3
sooooooon,1,0,1
soooooooo,1,1,2
sooooooooo,1,0,1
sooooooooooo,0,1,1
soooooooooooo,1,1,2
sooooooooooooo,0,1,1
soooooooooooooooooo,0,1,1
sooooooooooooooooooo,0,1,1
sooooooooooooooooooooooo,1,0,1
soooooooooooooooooooooooooo,1,0,1
soooorrryyy,2,0,2
sooooul,0,1,1
soooper,0,1,1
soothing,0,1,1
sopher,0,1,1
sophie,2,4,6
sophisticated,0,1,1
sorbet,0,2,2
sorceress,2,0,2
sore,16,3,19
sorely,2,0,2
sores,1,0,1
sorri,1,0,1
sorrry,0,1,1
sorry,118,31,149
sort,5,6,11
sorta,2,1,3
sorted,0,2,2
sorting,0,1,1
sorts,0,3,3
soso,1,0,1
soul,5,4,9
sound,8,14,22
sounded,2,1,3
sounding,1,1,2
sounds,18,37,55
soundtrack,1,0,1
soup,5,4,9
sour,1,2,3
source,0,3,3
south,1,6,7
southall,0,1,1
southpark,0,1,1
southwest,1,0,1
souuuup,1,0,1
soweeee,1,0,1
sowing,0,1,1
sowwy,2,0,2
soy,1,0,1
sp,1,1,2
spa,0,1,1
space,3,5,8
spacecowboy,0,1,1
spaceships,0,1,1
spain,3,1,4
spam,4,6,10
spammers,1,0,1
spamming,0,1,1
spammy,1,0,1
span,2,0,2
spanish,4,1,5
spanking,0,1,1
spare,0,2,2
sparklers,0,1,1
sparkly,1,0,1
sparks,1,0,1
sparrow,0,1,1
sparxxx,0,1,1
spat,0,1,1
spatele,0,1,1
spawns,0,1,1
spbpuk,0,1,1
speak,2,9,11
speaker,0,2,2
speakers,1,0,1
speaking,2,3,5
speaks,0,2,2
spears,2,0,2
special,8,7,15
specially,0,2,2
specific,1,1,2
specifically,0,2,2
spects,1,0,1
speech,1,0,1
speechless,0,1,1
speed,2,4,6
speedy,0,1,1
spell,2,2,4
spelling,0,2,2
spellings,1,0,1
spells,0,1,1
spend,13,4,17
spending,1,6,7
spent,6,8,14
spicie,0,1,1
spicy,1,1,2
spider,2,1,3
spike,0,1,1
spilled,1,1,2
spin,0,1,1
spinnerette,1,0,1
spinning,1,1,2
spinoffs,1,0,1
spinvox,0,1,1
spiral,0,1,1
spirit,2,2,4
spirited,1,0,1
spirits,0,1,1
spiritual,0,2,2
spit,0,1,1
spitting,1,0,1
spj,2,0,2
spk,0,1,1
splahed,0,1,1
splash,0,3,3
splashing,1,0,1
splashy,0,1,1
splendid,0,1,1
split,3,1,4
spliting,1,0,1
splitting,1,0,1
splurge,0,1,1
spoiled,1,0,1
spoiler,0,1,1
spoilt,1,1,2
spoke,1,3,4
spoken,0,2,2
spokesman,1,0,1
spongebob,0,2,2
sponsors,1,0,1
sponteneous,1,0,1
spoon,1,1,2
spore,1,0,1
spork,1,0,1
sport,1,2,3
sporting,0,1,1
sports,5,1,6
spose,0,1,1
spot,2,4,6
spotify,1,4,5
spots,1,0,1
spotting,0,1,1
sprained,2,0,2
spray,1,0,1
spread,2,1,3
spreading,0,1,1
spring,0,14,14
springs,1,0,1
springtime,0,1,1
sprint,1,0,1
sprouse,0,1,1
spruce,0,1,1
sptechcon,1,0,1
spurs,1,0,1
spush,1,0,1
spybot,0,1,1
spying,1,0,1
spyware,0,1,1
square,0,1,1
squarespace,4,0,4
squashed,2,0,2
squashing,1,0,1
squeaky,0,1,1
squeeze,0,1,1
squeezed,0,1,1
squirm,0,1,1
squirrel,0,2,2
sri,0,1,1
srry,2,0,2
sry,1,0,1
sscchhoolll,1,0,1
st,11,18,29
sta,0,1,1
stabs,1,0,1
stacey,1,1,2
stache,0,1,1
stack,0,3,3
stadium,1,1,2
staff,3,1,4
staffs,0,1,1
stage,1,2,3
stages,1,1,2
stai,0,1,1
staight,1,0,1
stairs,1,0,1
stale,1,1,2
stalk,0,1,1
stalkers,0,1,1
stalking,0,1,1
stalls,1,0,1
stamp,0,1,1
stampede,1,0,1
stan,0,1,1
stand,6,8,14
standalone,0,1,1
standard,1,2,3
standing,3,2,5
stanky,1,1,2
star,13,10,23
starbucks,6,3,9
starin,1,0,1
staring,2,0,2
starkers,0,1,1
starred,0,1,1
starring,0,1,1
stars,0,8,8
starship,1,0,1
start,36,31,67
started,18,19,37
starter,2,0,2
starters,0,1,1
startin,1,0,1
starting,17,14,31
startrekmovie,0,1,1
starts,5,5,10
starvin,0,2,2
starving,7,0,7
starvinggggggg,1,0,1
starz,0,1,1
stasche,0,1,1
stash,1,0,1
stat,1,1,2
state,8,3,11
states,4,4,8
station,4,1,5
stations,1,0,1
statistics,0,1,1
statravel,0,1,1
stats,0,3,3
statue,0,3,3
status,2,2,4
statusnotifier,1,0,1
stay,19,24,43
stayed,4,4,8
stayin,0,1,1
staying,5,8,13
stays,1,0,1
steady,0,2,2
steak,1,2,3
steal,2,3,5
stealing,1,1,2
stealth,1,0,1
steam,1,1,2
steel,1,0,1
steep,0,1,1
steeve,0,1,1
stef,0,1,1
stefan,0,1,1
stefani,1,0,1
stellar,1,2,3
stellenbosch,0,1,1
stench,1,0,1
step,5,7,12
steph,1,1,2
stephanie,0,1,1
stephens,0,1,1
stepmom,1,0,1
stepping,1,1,2
steps,1,1,2
stereo,2,0,2
steve,2,4,6
steven,1,0,1
stevenage,0,1,1
stevens,1,0,1
steves,1,0,1
stevie,0,1,1
stewart,0,1,1
stewy,1,0,1
stfu,1,0,1
stick,7,6,13
sticker,0,1,1
sticking,0,1,1
sticky,1,0,1
stiletto,0,1,1
still,159,89,248
stimulas,0,1,1
stink,1,1,2
stinkin,0,1,1
stinking,1,0,1
stinks,1,0,1
stinksville,0,1,1
stir,1,0,1
stitches,2,0,2
stix,0,1,1
stock,4,1,5
stockholm,2,1,3
stocks,0,2,2
stod,0,1,1
stoked,0,7,7
stold,1,0,1
stole,3,2,5
stolen,2,0,2
stomach,13,1,14
stomachache,1,0,1
stomp,0,1,1
stonded,0,1,1
stone,1,2,3
stoners,0,1,1
stoopid,1,0,1
stop,27,18,45
stopped,7,4,11
stoppin,1,0,1
stops,3,1,4
storage,1,2,3
store,11,7,18
stores,2,0,2
stories,1,4,5
storm,7,1,8
storming,1,0,1
storms,7,0,7
story,12,19,31
storys,1,0,1
stove,1,0,1
straight,3,5,8
straighten,1,1,2
straightening,1,0,1
straiiight,0,1,1
strained,1,0,1
strampelt,0,1,1
strands,1,0,1
strange,6,7,13
strangely,2,1,3
stranger,1,0,1
strangest,1,1,2
straps,1,0,1
strategic,0,1,1
strategists,0,1,1
strategy,0,3,3
strathclyde,0,1,1
strawberries,1,1,2
strawberry,1,7,8
stray,0,1,1
streak,1,0,1
stream,2,1,3
streaming,2,0,2
streams,1,0,1
street,1,6,7
streetcar,1,0,1
strength,4,0,4
strengths,0,1,1
strep,1,1,2
stress,3,3,6
stressed,5,0,5
stressing,1,1,2
stretch,1,0,1
stretched,0,1,1
stricken,1,0,1
strict,1,0,1
stride,0,1,1
strike,1,1,2
strikes,3,0,3
string,1,1,2
strippers,0,1,1
strives,0,1,1
strokes,0,1,1
strong,5,4,9
stronger,0,1,1
structure,0,1,1
struggle,1,1,2
struggling,3,0,3
stryder,1,0,1
stu,0,1,1
stuborn,1,0,1
stuck,23,3,26
stucked,1,0,1
stuckwits,0,1,1
student,2,1,3
students,0,1,1
studied,0,1,1
studio,3,8,11
studios,0,1,1
study,7,4,11
studying,0,7,7
stuedent,1,0,1
stuff,30,37,67
stuffed,0,4,4
stufff,1,0,1
stuffin,1,0,1
stuffs,1,0,1
stuffy,2,0,2
stuk,0,1,1
stumble,0,3,3
stumbled,0,1,1
stunning,0,2,2
stunt,9,1,10
stupid,32,4,36
stupidest,1,0,1
stupidflowerbitchfromh,1,0,1
stupidly,0,2,2
sturbucks,1,0,1
stweets,1,0,1
style,7,4,11
styling,0,1,1
stylist,1,0,1
sua,0,1,1
suavez,1,0,1
subbing,0,1,1
subcribe,0,1,1
subiaco,0,1,1
subject,0,1,1
submit,5,2,7
submiting,1,0,1
submitted,0,2,2
subscribe,0,2,2
subscribers,0,1,1
subscribing,0,1,1
subscription,0,1,1
subsides,0,1,1
subway,0,3,3
succeed,0,1,1
success,2,4,6
successes,0,1,1
successful,1,0,1
succinct,0,1,1
succkkksss,1,0,1
succumbed,1,0,1
succumbs,1,0,1
such,41,30,71
sucht,0,1,1
suck,16,7,23
sucked,4,1,5
sucker,0,1,1
suckered,0,1,1
sucking,2,0,2
suckish,1,0,1
sucks,58,4,62
sucksss,1,0,1
sucky,2,1,3
sudah,1,0,1
sudden,3,1,4
suddenly,5,5,10
sue,0,3,3
suffer,4,0,4
suffered,1,0,1
suffering,6,1,7
suffers,1,0,1
sugar,2,4,6
sugardaddy,1,0,1
suggest,3,2,5
suggesting,0,1,1
suggestion,3,2,5
suggestions,1,2,3
suicide,1,1,2
suit,3,0,3
suitable,0,1,1
suitcase,0,1,1
suite,2,0,2
suits,1,3,4
sulk,0,1,1
sultana,0,1,1
sultry,0,1,1
sum,3,3,6
summah,0,1,1
summaries,1,0,1
summer,45,16,61
summerfest,1,0,1
summers,2,0,2
summit,0,1,1
summmer,1,0,1
summmerr,1,0,1
sumone,2,0,2
sumthin,1,0,1
sumthn,2,0,2
sumtime,0,1,1
sumwhere,1,0,1
sun,33,35,68
sunbeams,0,1,1
sunburn,2,1,3
sunburned,1,0,1
sunburnt,3,0,3
sundae,1,0,1
sunday,12,5,17
sundayyy,0,1,1
sunflower,1,0,1
sunglasses,2,1,3
sunisa,0,1,1
sunn,0,1,1
sunnies,0,1,1
sunnn,1,0,1
sunnny,1,1,2
sunny,7,22,29
sunrise,1,0,1
suns,1,2,3
sunscreen,1,0,1
sunset,0,2,2
sunshine,9,12,21
sunshines,1,0,1
sup,1,0,1
supa,0,1,1
super,24,14,38
superb,0,1,1
superbowl,0,1,1
superhero,0,1,1
supermac,0,1,1
superman,3,2,5
supermarket,1,1,2
superpoke,0,1,1
superr,2,0,2
superstition,1,0,1
suposse,0,1,1
supp,0,1,1
supplies,0,1,1
support,15,8,23
supporting,2,2,4
supportive,0,2,2
supports,0,1,1
suppose,1,4,5
supposed,14,3,17
supposedly,1,1,2
supposing,0,1,1
supra,0,1,1
supraluminal,0,1,1
suprise,1,3,4
suprised,0,1,1
suprising,0,1,1
sur,0,1,1
surakarta,0,1,1
sure,41,62,103
surely,3,3,6
surf,3,1,4
surface,0,1,1
surfing,0,4,4
surgery,7,0,7
surgical,1,0,1
surname,0,1,1
surprise,0,4,4
surprised,3,6,9
surprises,0,1,1
surprisingly,0,1,1
surrendered,1,0,1
surround,0,2,2
survey,1,0,1
surveypirate,0,1,1
survice,1,0,1
survival,0,2,2
survive,0,4,4
survived,1,1,2
surviving,1,0,1
susan,0,1,1
suscribe,0,13,13
sush,0,1,1
sushi,1,3,4
suspect,0,2,2
sustainability,1,0,1
sutter,0,1,1
suv,3,0,3
sux,5,0,5
suz,1,0,1
suzanne,0,1,1
sv,0,1,1
svn,0,1,1
swag,2,0,2
swam,0,1,1
swamped,0,2,2
swan,0,1,1
swanky,1,0,1
swans,0,1,1
swap,1,0,1
sway,0,4,4
swayed,0,1,1
swayze,2,0,2
swear,2,2,4
swears,0,1,1
sweat,2,2,4
sweater,1,1,2
sweating,3,0,3
sweats,1,0,1
sweaty,2,0,2
swedish,1,1,2
sweeeeden,0,1,1
sweeeeet,0,1,1
sweet,9,44,53
sweetcheeks,1,0,1
sweete,1,0,1
sweeter,0,1,1
sweetheart,1,6,7
sweethomestyle,1,0,1
sweetie,5,1,6
sweetness,0,2,2
sweetpea,0,1,1
sweets,1,0,1
sweety,0,1,1
swells,1,0,1
swetdreamss,0,1,1
swift,1,1,2
swim,6,1,7
swimming,10,3,13
swine,2,0,2
swing,1,1,2
swiss,0,1,1
switch,1,3,4
switched,1,3,4
switching,1,0,1
switzerland,1,0,1
swole,1,0,1
swollen,2,0,2
swopper,0,1,1
sybil,0,1,1
syd,0,1,1
sydney,0,3,3
syf,0,1,1
symbol,1,2,3
symbolize,1,0,1
sympathy,1,0,1
sync,1,1,2
synced,0,1,1
syncing,0,1,1
syntax,0,1,1
synth,0,1,1
syracuse,2,0,2
syrup,0,1,1
systane,1,0,1
system,3,5,8
systems,0,2,2
syz,0,1,1
ta,1,4,5
tab,0,2,2
tabitca,0,1,1
table,1,5,6
tables,3,0,3
tablet,0,1,1
tablets,1,0,1
tabs,1,0,1
tackled,0,1,1
tacky,0,1,1
taco,1,0,1
tacobell,0,1,1
tad,1,0,1
tads,0,1,1
tafe,0,3,3
tag,1,3,4
tagalog,0,1,1
tagged,1,0,1
tagine,1,0,1
tagus,1,0,1
tahching,0,1,1
tahoe,0,1,1
tai,1,0,1
taiji,1,0,1
taik,1,0,1
tail,0,1,1
tak,0,1,1
takamasu,0,1,1
takboleh,1,0,1
take,57,60,117
taken,9,10,19
takes,9,9,18
takin,3,1,4
taking,26,20,46
taks,1,0,1
takt,0,1,1
talent,0,1,1
talented,3,3,6
talk,21,24,45
talkback,1,0,1
talked,4,3,7
talkin,0,2,2
talking,14,23,37
talkinq,1,0,1
talks,1,3,4
tall,3,1,4
tally,1,0,1
tampines,0,1,1
tan,6,3,9
tang,0,1,1
tanggung,1,0,1
tango,0,1,1
tank,1,1,2
tanks,0,2,2
tanning,1,0,1
tanya,0,1,1
tap,2,2,4
tape,3,5,8
taping,1,0,1
tapos,0,1,1
tar,1,1,2
tara,1,1,2
target,1,4,5
targets,1,1,2
tartan,0,1,1
tarwhaa,0,1,1
tashika,1,0,1
task,0,2,2
tasking,0,1,1
tasks,0,2,2
taste,0,3,3
tasted,1,2,3
tastey,1,0,1
tasting,0,2,2
tasty,2,0,2
tate,0,1,1
tattoo,2,3,5
taught,1,0,1
tax,3,2,5
taxes,0,3,3
taxi,2,0,2
taxonomy,1,0,1
tay,0,1,1
taylor,3,2,5
taylorians,0,1,1
taylors,1,1,2
tb,1,0,1
tbd,0,1,1
tbh,1,0,1
tbs,0,1,1
tc,0,2,2
tck,0,1,1
td,0,1,1
tday,1,0,1
tdf,1,0,1
te,2,1,3
tea,8,17,25
teach,1,1,2
teacher,3,2,5
teachers,2,1,3
teaching,1,1,2
teahcer,1,0,1
team,8,15,23
teamtibet,1,0,1
teamwork,0,1,1
teaneck,0,1,1
teapot,0,1,1
tear,8,0,8
tearful,1,1,2
tears,7,3,10
teary,1,0,1
tease,0,1,1
teasing,1,0,1
tech,6,1,7
technical,5,0,5
technically,1,1,2
techniques,0,1,1
technologists,0,1,1
technology,3,1,4
teddy,0,1,1
tedium,0,1,1
tee,1,1,2
teenage,1,0,1
teens,2,0,2
teenth,0,1,1
teeny,0,1,1
teeth,5,2,7
teething,0,1,1
tegan,0,1,1
teh,1,1,2
tehe,1,1,2
teine,0,1,1
teka,0,1,1
tel,1,2,3
tele,1,1,2
television,1,0,1
tell,18,36,54
tellin,1,1,2
telling,5,4,9
tells,1,1,2
telly,1,1,2
tem,1,0,1
temp,1,0,1
temperature,1,0,1
template,1,0,1
templates,0,1,1
temporades,0,1,1
temporarily,2,2,4
temporary,0,2,2
temptation,2,1,3
tempted,1,3,4
tempting,1,0,1
ten,2,2,4
tend,1,0,1
tendency,0,1,1
tends,1,0,1
tennant,0,1,1
tennis,1,2,3
tense,0,1,1
tent,2,0,2
tenth,1,0,1
tequila,1,0,1
term,0,3,3
terminal,2,0,2
terminar,0,1,1
terms,2,0,2
terrible,12,1,13
terribly,1,0,1
terrified,2,0,2
terrifying,1,0,1
territory,1,0,1
terrorist,0,2,2
terry,0,1,1
terwillegar,0,1,1
tesco,1,0,1
tesla,0,2,2
test,17,15,32
testament,0,1,1
testen,0,1,1
testimony,1,0,1
testing,2,5,7
tests,2,3,5
tetris,0,1,1
texan,2,0,2
texans,1,0,1
texas,3,1,4
text,9,6,15
textbook,1,0,1
textin,0,1,1
texting,2,2,4
textmate,0,1,1
texts,1,0,1
textures,0,1,1
textwrangler,0,1,1
tfls,0,1,1
th,31,25,56
tha,2,2,4
thaa,0,1,1
thaaaaang,0,1,1
thaaaat,1,0,1
thaaanks,1,0,1
thackeray,0,1,1
thaks,0,1,1
than,49,53,102
thang,1,0,1
thank,15,81,96
thankful,0,1,1
thankfully,1,2,3
thankies,0,1,1
thanking,0,2,2
thanks,39,214,253
thankssss,0,1,1
thankyou,0,8,8
thans,0,1,1
thanx,0,3,3
thanxx,0,1,1
tharoor,0,1,1
thas,0,1,1
that,528,597,1125
thats,24,24,48
thatttt,1,0,1
the,1607,1656,3263
theandybumataishow,0,1,1
theaters,1,0,1
theatre,1,1,2
thebarn,0,1,1
thee,0,1,1
theeee,0,1,1
theft,0,1,1
thegadgetshow,0,1,1
their,23,25,48
theirs,0,1,1
theives,0,1,1
them,71,58,129
theme,1,4,5
themed,1,0,1
themes,0,1,1
themselves,2,0,2
then,78,127,205
thenn,0,1,1
theo,3,0,3
theory,1,4,5
therapy,4,1,5
there,148,130,278
thereafter,1,0,1
therefore,1,2,3
theres,5,4,9
theresa,2,0,2
these,29,22,51
thesis,0,2,2
they,165,100,265
theyre,1,1,2
theyres,1,0,1
theyrs,1,0,1
thi,1,0,1
thick,0,4,4
thief,1,0,1
thin,1,0,1
thing,47,48,95
thinggy,0,1,1
thingo,0,1,1
things,38,42,80
thingy,1,0,1
thingys,0,1,1
think,126,118,244
thinking,26,29,55
thinkn,1,1,2
thinks,7,7,14
third,0,2,2
thirsty,2,0,2
this,310,275,585
thiss,0,1,1
thnx,0,4,4
tho,26,15,41
thongs,1,0,1
thorax,0,1,1
thorpe,0,1,1
those,33,32,65
thoses,1,0,1
thot,0,1,1
though,75,60,135
thoughhh,1,0,1
thought,41,31,72
thoughts,15,10,25
thousands,0,4,4
threadless,1,0,1
threads,0,1,1
threaten,0,2,2
threatened,0,1,1
three,10,15,25
threes,1,0,1
threw,1,2,3
thrilled,1,1,2
thro,0,1,1
throat,10,4,14
throatey,1,0,1
throbbing,1,0,1
through,23,19,42
throughout,1,0,1
throughput,0,1,1
throught,1,0,1
throw,5,4,9
throwboy,0,1,1
throwing,3,2,5
thrown,1,0,1
thru,4,3,7
thrush,1,0,1
ths,0,1,1
tht,4,2,6
thumb,1,0,1
thumbing,0,1,1
thumper,1,0,1
thumping,1,0,1
thums,0,1,1
thunder,13,0,13
thunderbird,0,1,1
thunderstorm,9,0,9
thunderstorms,2,2,4
thunderstruck,2,1,3
thundery,1,0,1
thur,1,0,1
thurday,0,1,1
thurs,1,2,3
thursday,7,18,25
thursdays,3,0,3
thursdayyy,0,1,1
thursdayyyy,1,0,1
thus,0,1,1
thx,13,12,25
tibetan,0,1,1
tick,0,2,2
ticket,9,5,14
tickets,15,4,19
tidbits,0,1,1
tidende,0,1,1
tie,1,0,1
tied,1,1,2
tierd,1,0,1
tiffaney,1,0,1
tiger,1,3,4
tight,1,4,5
til,14,10,24
tiles,0,1,1
tileset,0,1,1
till,36,22,58
tim,1,1,2
timberlake,1,0,1
time,173,216,389
timeless,0,1,1
times,26,23,49
timmy,0,1,1
tin,0,1,1
tina,0,1,1
tinaaaa,1,0,1
tinchy,1,0,1
ting,1,1,2
tingle,1,0,1
tingly,0,1,1
tings,0,1,1
tink,1,0,1
tinker,0,1,1
tinsel,1,0,1
tiny,2,3,5
tinyurl,0,1,1
tip,0,3,3
tipping,1,0,1
tips,0,5,5
tipsy,2,0,2
tiptop,0,1,1
tire,2,0,2
tired,51,29,80
tires,1,0,1
tis,1,6,7
tissues,3,1,4
tita,0,1,1
titanic,1,1,2
titanium,1,0,1
title,0,2,2
titled,0,1,1
titomi,0,13,13
tiwari,1,0,1
tiwit,1,0,1
tix,1,1,2
tixs,1,0,1
tizzy,1,0,1
tk,1,0,1
tks,1,1,2
tlk,1,0,1
tlot,0,1,1
tlr,0,1,1
tm,1,2,3
tmac,1,0,1
tmi,0,1,1
tmobile,2,0,2
tmorrow,1,0,1
tmoz,0,1,1
tmr,8,1,9
tmrw,2,1,3
tnggal,1,0,1
tnt,0,1,1
tnx,0,3,3
to,1803,1663,3466
toad,0,1,1
toast,1,7,8
toaster,0,1,1
toat,0,1,1
todaaaaay,0,1,1
todaaaayy,1,0,1
todaii,1,0,1
today,295,190,485
todaya,0,1,1
todays,4,3,7
todayy,2,0,2
todayyy,0,1,1
todayyyyy,1,0,1
toe,1,1,2
toenail,1,0,1
toffee,0,1,1
together,3,14,17
toilet,2,3,5
token,1,0,1
toking,0,1,1
tokusatsu,0,1,1
told,15,17,32
toledo,1,0,1
tolentino,1,0,1
tolicesdoorkut,0,1,1
tom,7,6,13
toma,0,1,1
tomarow,1,0,1
tommorow,2,0,2
tommorrow,1,0,1
tommrw,1,0,1
tomo,0,1,1
tomoroooo,1,0,1
tomorow,1,1,2
tomorows,1,0,1
tomorroooooooow,1,0,1
tomorrow,67,107,174
tomorrowwwwwww,0,1,1
tomorrowwwwwwwwww,1,0,1
tomorrw,0,1,1
tomoz,1,0,1
toms,0,1,1
ton,3,0,3
toncils,1,0,1
tone,1,0,1
tonematrix,0,1,1
tongseng,0,1,1
tongue,2,2,4
tonighet,0,1,1
tonight,69,61,130
tonights,1,0,1
tonite,5,5,10
tons,1,1,2
tony,0,1,1
tonyhawk,0,1,1
too,230,204,434
took,26,10,36
tool,1,2,3
toolbar,0,1,1
tools,0,4,4
toons,0,1,1
tooo,2,1,3
tooom,1,0,1
toooo,4,0,4
toooom,1,0,1
tooooo,3,1,4
tooooooo,1,0,1
tooooooooooo,1,0,1
tooot,1,0,1
tooth,3,0,3
toothache,2,0,2
toothpaste,0,2,2
top,11,9,20
topic,2,1,3
topics,1,1,2
topped,0,1,1
topping,0,1,1
topshop,1,0,1
tori,0,1,1
torn,1,0,1
toronto,3,2,5
torrance,1,0,1
torres,2,0,2
torso,1,0,1
torture,1,1,2
tossing,1,0,1
total,2,2,4
totally,17,19,36
totd,0,1,1
totes,0,1,1
totured,1,0,1
touch,6,6,12
touched,1,2,3
touchy,1,0,1
tough,3,4,7
tought,0,1,1
tour,10,7,17
tourist,1,1,2
touristing,1,0,1
tours,0,1,1
toutlemondesurcf,0,1,1
toward,0,1,1
towards,1,3,4
towel,0,1,1
towelie,0,1,1
towels,1,0,1
towers,0,2,2
town,19,5,24
towson,1,0,1
toy,2,1,3
toys,3,1,4
tp,1,0,1
tra,0,1,1
trace,1,1,2
track,5,10,15
tracking,1,0,1
trackle,3,0,3
tracks,2,0,2
trade,2,2,4
trading,3,0,3
traffic,9,5,14
trafford,0,1,1
traffuck,1,0,1
tragic,6,2,8
trail,1,1,2
trailer,1,2,3
train,14,14,28
trainer,1,1,2
training,7,4,11
trains,1,0,1
trampoine,0,1,1
tranformers,1,0,1
transfer,1,0,1
transferred,1,0,1
transferring,1,0,1
transfers,2,0,2
transformer,0,1,1
transformers,17,1,18
transfusion,1,0,1
transit,1,0,1
transition,1,0,1
translate,1,0,1
translates,0,1,1
translating,0,1,1
translation,0,2,2
translator,0,1,1
transmission,2,1,3
transmit,1,0,1
transport,2,0,2
transportation,1,0,1
transported,0,1,1
trapped,0,2,2
traps,1,0,1
trash,0,1,1
trashed,1,0,1
trauma,0,2,2
travel,3,2,5
travelin,1,0,1
traveling,2,0,2
travelled,1,0,1
travellin,0,1,1
travelling,0,2,2
travels,1,2,3
travelstart,0,1,1
travling,1,0,1
treadmill,0,1,1
treat,2,3,5
treated,1,1,2
treating,1,0,1
treatment,0,1,1
treatments,1,0,1
treats,1,0,1
treble,0,1,1
tredmill,0,1,1
tree,1,4,5
trees,1,1,2
trek,2,2,4
trekkie,1,0,1
tremendously,1,0,1
trench,1,1,2
trending,1,1,2
trendmicro,1,0,1
trent,0,1,1
trenutek,0,1,1
trey,0,3,3
tri,0,2,2
trial,2,1,3
triathlon,0,1,1
tribalization,0,1,1
tribe,0,1,1
tribute,2,0,2
trick,1,1,2
tricks,1,0,1
tried,19,6,25
tries,1,0,1
triffeh,0,1,1
trigger,1,0,1
trillion,1,0,1
trilogy,0,2,2
trinity,1,0,1
trio,1,0,1
trip,18,17,35
triple,2,1,3
tripping,0,1,1
trips,1,0,1
trishy,0,2,2
triumph,0,1,1
trouble,4,5,9
troubleshoot,2,0,2
trousers,0,1,1
trovus,0,1,1
tru,0,4,4
truck,1,0,1
trudy,0,1,1
true,17,22,39
truly,9,3,12
truss,1,0,1
trust,5,5,10
trustees,1,0,1
trusting,0,1,1
trusty,0,1,1
truth,2,7,9
try,39,45,84
tryin,3,0,3
trying,37,41,78
tryinggg,1,0,1
tryna,1,3,4
tryouts,0,1,1
tshirt,0,1,1
tt,2,0,2
tte,1,0,1
ttual,0,1,1
tu,1,0,1
tub,1,2,3
tube,1,1,2
tubed,1,0,1
tuck,0,1,1
tudy,0,1,1
tue,2,1,3
tues,1,0,1
tuesday,11,14,25
tuesdays,0,1,1
tuition,1,1,2
tuloy,1,1,2
tumaini,0,1,1
tumblarity,1,0,1
tumbling,0,1,1
tumblr,2,1,3
tummy,8,0,8
tumor,1,0,1
tumors,1,0,1
tuna,0,2,2
tune,1,5,6
tuned,0,2,2
tunes,1,4,5
tuning,0,2,2
tunnel,1,1,2
turing,0,1,1
turkey,4,1,5
turkish,0,1,1
turn,7,16,23
turned,8,6,14
turner,0,1,1
turning,1,4,5
turns,2,3,5
turtle,1,0,1
turtles,2,0,2
tus,1,0,1
tuscaloosa,1,0,1
tutor,0,1,1
tutorial,0,4,4
tv,19,22,41
tvc,0,1,1
tvshack,1,0,1
tw,0,1,1
twas,1,1,2
twat,0,2,2
twe,0,1,1
tweed,1,0,1
tweeps,0,6,6
tweet,20,37,57
tweetar,0,1,1
tweetbook,0,1,1
tweetdeck,5,3,8
tweeted,2,3,5
tweeter,0,4,4
tweeters,1,4,5
tweetfriends,0,1,1
tweethearts,0,1,1
tweetie,1,4,5
tweeties,1,1,2
tweetin,0,1,1
tweeting,7,8,15
tweetland,0,1,1
tweetpics,1,0,1
tweets,8,30,38
tweetstats,0,1,1
tweetup,0,3,3
tweety,0,1,1
tweezey,0,1,1
twenius,0,1,1
twenty,0,2,2
tweople,1,0,1
twhirl,0,1,1
twice,3,6,9
twidroid,0,1,1
twiiterr,0,1,1
twiitz,1,0,1
twilight,0,6,6
twilightish,0,1,1
twin,0,4,4
twinelis,0,1,1
twining,1,0,1
twinkees,1,0,1
twinklers,0,1,1
twins,0,2,2
twisted,0,1,1
twit,4,5,9
twitearth,0,1,1
twitpic,2,2,4
twitpics,1,0,1
twits,2,3,5
twitster,0,2,2
twitt,1,3,4
twitter,64,186,250
twitterberry,2,2,4
twittered,1,0,1
twitterer,0,1,1
twitterers,1,2,3
twitterfon,1,1,2
twitterfox,1,2,3
twitterific,0,1,1
twittering,0,8,8
twitterings,0,1,1
twitterisation,0,1,1
twitterland,0,1,1
twitternation,0,1,1
twitterpeeps,0,1,1
twitterricolsss,0,1,1
twitters,0,11,11
twittersphere,0,2,2
twitterthumbitis,0,1,1
twittertips,0,1,1
twitterverse,0,2,2
twitterville,0,2,2
twitterworld,0,1,1
twittheads,0,1,1
twittin,0,1,1
twitts,3,0,3
twitty,0,3,3
twittys,0,1,1
twitvim,0,1,1
twitzap,1,0,1
twiverted,0,1,1
twix,0,2,2
twlightt,0,1,1
two,34,36,70
twoosh,0,1,1
twugs,1,0,1
twweeeet,0,1,1
tx,1,0,1
txqwcjc,0,1,1
txt,1,1,2
txts,1,0,1
ty,1,4,5
tygerwaterfront,0,1,1
tyo,2,0,2
type,3,3,6
typed,1,1,2
typeracer,0,1,1
types,0,1,1
typhoid,1,0,1
typical,2,2,4
typing,2,0,2
tzq,0,1,1
uae,1,0,1
ubanktu,0,1,1
uber,2,2,4
ubertwitter,1,0,1
ubiquitous,2,0,2
ubiquity,2,0,2
ubuntu,2,1,3
udah,0,1,1
udong,0,1,1
uefa,0,1,1
ug,1,0,1
ugggggggggggghhhh,1,0,1
uggghh,1,0,1
uggghhhhh,1,0,1
uggh,1,0,1
uggs,0,1,1
ugh,53,8,61
ughh,5,1,6
ughhers,1,0,1
ughhh,5,0,5
ughhhh,2,0,2
ughhhhh,3,0,3
ugly,7,2,9
uh,3,7,10
uhh,0,3,3
uhhh,1,1,2
uhhhh,1,0,1
ui,0,3,3
uitati,0,1,1
uk,6,17,23
uke,0,1,1
ukey,0,1,1
ukx,0,1,1
ulcer,1,0,1
ulcers,0,1,1
ulit,0,1,1
ultimate,4,2,6
um,3,8,11
umbrella,4,0,4
umbrellas,1,0,1
umm,3,1,4
ummm,0,1,1
ummmm,1,0,1
umtweeti,0,1,1
un,2,3,5
unable,3,0,3
unaware,0,1,1
unbarable,1,0,1
unbearable,1,0,1
unbelievable,0,1,1
unbelievably,2,0,2
unblock,1,0,1
unborn,1,0,1
unbricking,0,1,1
unbroke,1,0,1
unc,0,6,6
uncertain,1,0,1
uncharted,1,0,1
uncle,2,3,5
uncomfortable,1,0,1
und,1,2,3
undaground,0,1,1
undead,0,1,1
under,5,6,11
undergrad,0,1,1
undergraduate,0,1,1
underground,0,1,1
underneith,0,1,1
underoath,1,0,1
underplayed,0,1,1
underrated,0,1,1
underside,1,0,1
understand,13,9,22
understanding,0,1,1
understands,1,1,2
understatement,1,0,1
understood,1,1,2
undies,1,0,1
undu,1,0,1
unearth,0,1,1
unemployment,1,1,2
unenchanting,0,1,1
unexpected,1,1,2
unexpectedly,1,0,1
unexplained,1,0,1
unfair,2,0,2
unfaithful,0,1,1
unfavorite,0,1,1
unfinished,0,1,1
unfollow,1,0,1
unfollowed,0,1,1
unfollowing,2,0,2
unfortunate,0,1,1
unfortunately,10,4,14
unfortunatly,1,0,1
ung,0,1,1
ungover,0,1,1
uni,2,8,10
unicorn,0,3,3
unimaginably,1,0,1
unique,0,2,2
unison,0,1,1
unit,1,0,1
united,0,2,2
uniting,0,1,1
unity,0,2,2
universe,0,3,3
university,3,4,7
unknown,1,0,1
unlaws,0,1,1
unlchallenge,1,0,1
unless,4,2,6
unlikely,1,1,2
unlocked,1,0,1
unloved,1,0,1
unluckiest,1,0,1
unmotivated,1,0,1
uno,0,2,2
unpack,0,1,1
unpacking,2,0,2
unpaid,1,0,1
unpardonable,0,1,1
unplanned,0,1,1
unpleasant,1,0,1
unplug,0,1,1
unprepared,1,0,1
unreadable,1,0,1
unreal,1,0,1
unscathed,1,0,1
unseen,1,0,1
unspeakably,1,0,1
unsubscribed,0,1,1
unsubscribing,1,0,1
unsuccessfully,1,0,1
untangle,0,1,1
untangling,1,0,1
unthink,1,0,1
unthinkable,0,1,1
until,34,30,64
untill,1,1,2
untimely,1,0,1
untitled,0,1,1
unusal,1,0,1
unusual,1,0,1
unveil,0,1,1
unwanted,1,0,1
up,256,252,508
upcoming,2,3,5
update,11,15,26
updated,4,4,8
updates,10,18,28
updating,2,3,5
upgrade,3,2,5
upgradeable,1,0,1
upgraded,1,0,1
upgrades,1,0,1
upload,6,10,16
uploaded,0,2,2
uploading,0,7,7
uploadr,1,0,1
upmarket,0,1,1
upon,0,1,1
upp,1,0,1
upper,2,0,2
uppp,0,1,1
ups,2,4,6
upset,21,1,22
upsets,1,0,1
upsetting,3,0,3
upside,1,2,3
upstairs,0,1,1
upstream,1,0,1
upto,0,1,1
uptown,1,0,1
ur,22,50,72
urbane,1,0,1
urbanski,0,1,1
urge,1,2,3
urgent,1,0,1
urgg,1,0,1
urging,0,1,1
urkle,1,0,1
url,2,1,3
urrrggg,0,1,1
urs,1,1,2
urself,0,2,2
us,38,60,98
usa,3,0,3
usb,3,2,5
use,27,38,65
useable,1,0,1
used,16,17,33
useful,1,4,5
useless,1,1,2
uselessness,1,0,1
user,1,2,3
username,0,2,2
usernames,1,0,1
users,2,3,5
uses,0,1,1
usiing,0,1,1
usin,1,0,1
using,9,16,25
usking,1,0,1
usps,1,0,1
usual,5,4,9
usually,9,3,12
utah,0,2,2
utility,0,1,1
utrecht,1,0,1
utterly,0,1,1
uuhg,1,0,1
uuu,1,0,1
uuuuuuuuggghhhhhh,0,1,1
uv,1,0,1
va,1,2,3
vacances,1,0,1
vacancy,0,1,1
vacation,20,10,30
vacationsss,1,0,1
vacay,3,0,3
vaction,0,1,1
vacuum,2,0,2
vagina,0,1,1
vaig,0,1,1
vaild,1,0,1
valdez,1,0,1
valencia,1,0,1
valentine,1,0,1
valerie,0,1,1
valiant,1,0,1
valid,0,1,1
valium,0,1,1
valley,1,0,1
valuable,1,0,1
vampires,0,2,2
van,2,2,4
vancooooooover,0,1,1
vancouver,1,0,1
vanesssa,1,0,1
vanilla,0,3,3
vanished,2,0,2
vannie,0,1,1
variables,0,1,1
variation,0,1,1
various,0,2,2
varity,1,0,1
varujan,0,1,1
vasco,1,0,1
vasculitis,1,0,1
vaseline,0,1,1
vat,1,0,1
vbcfm,0,1,1
vcs,1,0,1
ve,69,79,148
vector,1,1,2
vectors,0,1,1
veda,0,2,2
vee,1,0,1
veg,0,2,2
vegan,0,4,4
vegas,3,8,11
vegetables,0,1,1
vegetarian,0,1,1
vegeterian,0,1,1
veggie,3,0,3
veggies,0,1,1
vehicles,1,0,1
veil,1,1,2
veing,0,1,1
velocity,0,1,1
velvet,1,0,1
vending,1,0,1
vendors,0,1,1
venice,0,1,1
ventnor,1,0,1
venture,1,1,2
venue,1,1,2
ver,0,1,1
verb,0,1,1
verfolgern,0,1,1
verge,0,1,1
verification,1,0,1
verified,2,1,3
verizon,2,0,2
veronica,1,0,1
versa,0,2,2
verse,0,1,1
version,4,6,10
versus,0,1,1
very,112,100,212
ves,0,1,1
vet,5,1,6
veteran,0,1,1
veto,1,1,2
vets,2,0,2
vh,0,1,1
vi,0,1,1
via,15,19,34
viable,0,1,1
viaduct,0,1,1
viatt,0,1,1
vibe,2,0,2
vibes,1,2,3
vibrant,0,1,1
vibrator,0,1,1
vic,0,2,2
vice,0,2,2
viceversa,0,1,1
vicinity,0,1,1
vicky,0,1,1
victim,1,0,1
victoria,0,1,1
victorious,0,1,1
victory,0,3,3
vid,1,3,4
video,23,17,40
videoid,0,2,2
videos,1,22,23
videotlv,0,1,1
vids,1,0,1
vienna,1,1,2
vietnam,1,1,2
view,8,5,13
viewable,1,0,1
viewing,0,2,2
views,1,2,3
vigorous,0,1,1
viking,0,1,1
vikings,1,0,1
vin,0,1,1
vines,1,0,1
vinternoll,0,1,1
vinyls,0,1,1
violated,2,0,2
violence,1,0,1
vip,3,2,5
virgin,2,2,4
virginfest,1,0,1
virtual,1,1,2
virtue,1,0,1
virus,5,0,5
viruses,1,0,1
visa,0,1,1
visible,0,1,1
visionary,1,0,1
visit,4,8,12
visita,0,1,1
visited,0,1,1
visiting,1,1,2
visitor,0,1,1
visors,0,1,1
vista,4,0,4
visual,2,1,3
vital,1,0,1
vitamin,0,1,1
vitamins,0,1,1
viva,1,1,2
vivian,0,1,1
vivid,0,1,1
vivvid,0,1,1
viz,0,1,1
vj,0,1,1
vladimir,1,0,1
vlog,0,1,1
vlogbrothers,0,1,1
vlogging,0,1,1
vlogs,0,1,1
vm,1,0,1
vmc,1,0,1
vo,1,0,1
vocabulary,1,1,2
vocals,0,1,1
vodka,1,3,4
vodou,0,1,1
voice,8,7,15
voicemail,0,2,2
voices,1,2,3
voipover,0,1,1
volleyball,1,0,1
volterra,0,1,1
volts,1,0,1
volturi,0,1,1
volume,0,1,1
voluntarily,1,0,1
volunteer,0,1,1
volunteering,2,0,2
volvic,0,1,1
von,1,0,1
voodoo,0,1,1
vote,0,12,12
voted,0,2,2
voting,1,3,4
voucher,1,1,2
vouchers,1,0,1
vow,1,0,1
vox,0,1,1
voyeurism,1,0,1
vqp,0,1,1
vs,2,7,9
vts,1,0,1
vulgarity,1,0,1
vx,0,1,1
vycet,0,1,1
wa,2,1,3
waaaaaa,1,0,1
waaaay,0,1,1
waaalk,1,0,1
waah,2,0,2
waanted,1,0,1
waay,1,1,2
wade,0,1,1
waffle,1,0,1
waffles,1,1,2
wag,0,1,1
wagah,0,1,1
wage,0,1,1
waggers,0,1,1
wah,3,0,3
waheyy,0,1,1
wahhey,0,1,1
wahlberg,0,1,1
wahoooooo,0,1,1
waistcoats,0,1,1
wait,44,81,125
waited,1,0,1
waiter,1,0,1
waitin,0,1,1
waiting,24,18,42
wake,11,16,27
wakeboarding,1,0,1
wakes,0,1,1
waking,6,6,12
wal,1,1,2
wale,1,0,1
wales,0,2,2
walgreens,0,1,1
walk,12,14,26
walked,3,1,4
walker,0,1,1
walking,3,7,10
walkman,1,0,1
walks,0,1,1
wall,9,5,14
wallace,1,0,1
wallet,5,0,5
wallpaper,0,2,2
walmart,3,0,3
walnuts,0,1,1
walters,2,0,2
wam,0,1,1
wan,1,0,1
wana,2,0,2
wandering,1,0,1
wanders,0,1,1
waney,0,2,2
wang,0,1,1
wank,0,1,1
wanker,1,0,1
wanna,53,10,63
want,158,87,245
wanted,37,18,55
wanting,4,2,6
wants,34,14,48
war,1,2,3
ward,0,1,1
warden,0,1,1
wardrob,1,0,1
wardrobe,0,1,1
warfare,0,1,1
wargames,0,1,1
warlord,0,1,1
warm,4,10,14
warmed,0,1,1
warning,2,0,2
warnings,1,0,1
warp,0,1,1
warped,3,0,3
warranty,1,0,1
warrior,0,1,1
wars,1,4,5
warty,1,0,1
was,380,262,642
wasent,1,0,1
wash,4,3,7
washcloths,0,1,1
washed,1,2,3
washing,3,4,7
wasn,24,14,38
wasnt,4,6,10
wass,1,0,1
waste,4,0,4
wasted,0,1,1
wasting,1,3,4
wat,8,3,11
wata,0,1,1
watch,32,59,91
watched,9,21,30
watchin,5,7,12
watching,25,69,94
watchmen,0,1,1
wated,1,0,1
water,12,4,16
waterfront,0,1,1
watering,1,0,1
watermelon,0,1,1
waterproof,2,0,2
wats,1,0,1
watsessing,1,0,1
watta,1,0,1
watts,1,0,1
watzatsong,1,0,1
wave,1,1,2
waved,1,0,1
waves,0,2,2
waving,1,0,1
waxing,0,1,1
way,79,78,157
wayne,2,0,2
ways,1,2,3
wayyy,0,1,1
wayyyyy,1,1,2
wbc,0,1,1
wbu,1,0,1
wbuyou,0,1,1
wc,0,2,2
wcgx,0,1,1
we,160,218,378
weak,5,2,7
weapon,0,1,1
wear,10,6,16
wearing,3,8,11
weather,26,23,49
weathers,1,0,1
weave,1,1,2
web,5,6,11
webbs,0,1,1
webcam,1,0,1
webcamming,0,1,1
webdotwiz,0,1,1
webdotwizards,0,1,1
website,8,12,20
websites,0,1,1
websphere,0,1,1
webvisions,0,1,1
wed,4,2,6
wedding,10,5,15
wedgie,1,0,1
wednesday,1,5,6
wednesdays,1,0,1
wee,1,4,5
weed,1,0,1
weeding,1,1,2
weee,1,0,1
weeeee,0,1,1
weeeeeeee,1,0,1
weeeeeeh,0,1,1
weeeek,0,1,1
weeeird,1,0,1
week,79,60,139
weekend,35,29,64
weekends,0,1,1
weekly,1,0,1
weeks,23,16,39
weenkee,0,5,5
weep,1,0,1
weetabix,0,1,1
wehn,1,0,1
weight,2,4,6
weights,1,1,2
weilin,1,0,1
weine,1,0,1
weird,12,8,20
weith,1,0,1
welcome,4,41,45
welcoming,0,1,1
well,118,160,278
wellies,0,1,1
wells,0,1,1
wellywood,0,1,1
welp,0,1,1
welpje,1,0,1
wemb,0,1,1
wembley,1,0,1
wen,2,0,2
wendy,2,0,2
wendys,1,1,2
wenna,1,0,1
went,37,15,52
wer,0,2,2
were,64,43,107
weren,2,0,2
werent,1,1,2
wernt,0,1,1
werwolf,0,1,1
wes,0,1,1
wesley,1,1,2
west,1,8,9
westbury,2,0,2
western,1,0,1
westminster,1,0,1
westney,0,1,1
westwick,0,1,1
wet,2,2,4
wetpaint,1,0,1
weve,0,1,1
weyburn,0,1,1
wg,0,1,1
wgtya,0,1,1
wha,0,1,1
whaaaa,0,1,1
whaaaat,0,1,1
whack,1,1,2
whale,1,3,4
whaleys,1,0,1
wharf,0,1,1
whassup,0,1,1
what,188,211,399
whatcha,0,1,1
whatching,0,1,1
whatever,0,9,9
whats,9,11,20
whatta,0,2,2
whattt,0,1,1
wheat,0,1,1
wheats,0,1,1
whee,0,1,1
wheel,1,0,1
wheelbarrow,0,1,1
wheels,1,0,1
when,146,104,250
whenever,4,3,7
whens,1,0,1
whent,0,1,1
wher,1,0,1
where,55,28,83
whered,1,0,1
wherever,0,2,2
whether,2,2,4
whew,0,1,1
whheerreeee,1,0,1
whhhooohoo,0,1,1
which,20,25,45
whichever,0,1,1
while,33,34,67
whilst,1,2,3
whining,1,2,3
whip,1,0,1
whisky,0,1,1
whistle,1,0,1
white,3,7,10
whites,1,0,1
who,54,80,134
whoa,0,4,4
whoever,2,0,2
whole,16,18,34
wholee,1,0,1
wholeee,0,1,1
wholeheartedly,0,1,1
whom,1,0,1
whoo,1,0,1
whooo,1,0,1
whoop,2,3,5
whoopee,1,0,1
whoopie,1,0,1
whoops,0,1,1
whore,1,1,2
whose,0,1,1
whrrrruuuuuu,1,0,1
whupeee,0,1,1
why,123,43,166
whyyyy,2,0,2
wic,1,0,1
wicked,2,3,5
wickedd,0,1,1
wid,4,0,4
wide,1,2,3
widest,0,1,1
widget,1,1,2
widout,1,0,1
wierd,0,1,1
wife,5,5,10
wifey,2,2,4
wiff,0,1,1
wifi,6,0,6
wiggin,1,0,1
wiggly,1,0,1
wight,1,0,1
wii,1,4,5
wiii,1,0,1
wiiiiiish,1,0,1
wikiepedai,1,0,1
wil,1,0,1
wilco,1,1,2
wild,0,2,2
wildwood,1,0,1
wile,1,0,1
will,162,195,357
willatt,0,1,1
william,0,4,4
williams,1,1,2
willie,0,1,1
willing,0,1,1
willis,1,0,1
willl,0,1,1
willoughby,1,0,1
wills,1,0,1
willy,0,2,2
wilson,0,1,1
wimbledon,5,0,5
wimby,1,0,1
wimledon,1,0,1
wimp,1,0,1
win,13,11,24
winced,1,0,1
wind,2,3,5
window,8,6,14
windows,13,4,17
windshield,1,0,1
windy,1,1,2
wine,2,7,9
winer,1,0,1
wing,0,2,2
winger,0,1,1
wings,3,1,4
winkey,0,1,1
winks,0,1,1
winner,1,1,2
winning,0,3,3
winnings,1,0,1
wins,2,2,4
winter,1,2,3
wipe,2,0,2
wiped,1,0,1
wipl,1,0,1
wire,1,1,2
wireless,1,0,1
wires,1,1,2
wirtz,0,1,1
wisconsin,1,0,1
wisdom,2,1,3
wise,2,2,4
wisely,2,0,2
wish,116,38,154
wished,1,2,3
wishes,7,5,12
wishhhh,1,0,1
wishin,2,0,2
wishing,17,2,19
wishlist,0,1,1
wit,5,4,9
witch,1,1,2
with,293,369,662
withdrawal,1,0,1
withdrawl,1,0,1
withdrawn,0,2,2
withheld,1,0,1
within,5,2,7
withing,0,1,1
withouit,1,0,1
without,19,18,37
witness,0,1,1
witty,1,0,1
wives,1,1,2
wizard,1,0,1
wizards,1,0,1
wk,2,2,4
wkend,0,1,1
wknd,1,1,2
wks,2,3,5
wnt,1,1,2
wntd,0,1,1
wo,1,0,1
woah,0,1,1
wobbly,1,0,1
woe,1,0,1
woeful,1,0,1
woes,1,0,1
wog,0,1,1
wogan,0,1,1
woh,0,1,1
wohoooo,1,1,2
wohooooooo,0,1,1
woke,40,11,51
woken,1,0,1
wokring,1,0,1
wolf,1,0,1
wolverhampton,1,0,1
wolverine,1,3,4
wolvo,0,1,1
woman,21,5,26
womanizer,0,1,1
women,3,5,8
won,41,31,72
wonde,1,0,1
wonder,10,17,27
wondered,1,0,1
wonderful,5,17,22
wonderfull,0,1,1
wonderfully,0,1,1
wondering,11,7,18
wonders,2,3,5
wonka,0,2,2
wont,21,7,28
woo,3,7,10
wood,0,2,2
woods,1,1,2
woof,0,1,1
wooh,0,1,1
wooho,0,1,1
woohoo,2,6,8
wool,1,0,1
wooo,0,2,2
wooohhooo,0,1,1
wooohooo,0,1,1
woooo,1,1,2
woooohooooo,0,1,1
wooooo,0,2,2
woooooooooooo,0,1,1
woooooooow,1,0,1
woooooow,1,0,1
wooooorrrddd,0,1,1
wooooosaaaa,0,1,1
wooot,0,2,2
woop,0,5,5
woopwoop,0,1,1
woot,3,7,10
woots,0,1,1
wor,1,0,1
word,11,7,18
wordahead,0,1,1
wordings,0,1,1
wordle,0,1,1
wordles,0,1,1
wordpress,3,1,4
wordpressing,1,0,1
words,7,22,29
wore,1,0,1
work,314,145,459
workable,0,1,1
workaholic,0,1,1
workdesk,1,0,1
worked,8,13,21
worker,2,3,5
workers,1,0,1
working,68,47,115
workkk,1,0,1
workkkk,1,0,1
workmates,1,0,1
workout,3,2,5
workouts,1,3,4
workplace,1,0,1
works,8,32,40
workshop,1,2,3
workstation,1,0,1
worky,1,0,1
world,33,46,79
worldprayer,0,1,1
worlds,2,0,2
worldwide,0,2,2
worm,0,1,1
worn,1,0,1
worried,9,6,15
worries,0,2,2
worrk,1,0,1
worry,4,11,15
worrying,1,0,1
worse,9,4,13
worser,0,1,1
worst,12,0,12
worth,5,10,15
worthing,0,1,1
worthwhile,0,3,3
worthy,2,1,3
wos,1,0,1
wot,1,2,3
would,74,106,180
woulda,2,0,2
woulddd,1,0,1
wouldn,5,15,20
wouldnt,3,1,4
wound,0,1,1
woundcare,1,0,1
wow,40,32,72
wowzers,1,0,1
wozniacki,1,0,1
wp,0,1,1
wpf,1,0,1
wr,1,0,1
wrangler,1,0,1
wrap,0,1,1
wrapped,1,0,1
wrapper,1,0,1
wrapping,1,0,1
wrath,1,1,2
wreaking,1,0,1
wreck,2,0,2
wrecked,1,0,1
wrecker,0,1,1
wrestlemania,0,1,1
wrestling,0,1,1
wrigley,0,1,1
wrist,2,0,2
wrists,1,1,2
write,4,9,13
writer,1,1,2
writersblock,0,1,1
writing,8,14,22
written,1,1,2
wrk,2,0,2
wrking,1,0,1
wrong,40,10,50
wrost,1,0,1
wrote,0,5,5
ws,0,2,2
wta,1,0,1
wtching,1,0,1
wtf,11,3,14
wtff,1,0,1
wth,4,0,4
wtheck,0,1,1
wud,1,1,2
wurk,1,0,1
wut,1,0,1
wuts,0,1,1
wuzzle,1,0,1
wv,0,1,1
wwdc,0,1,1
wwpc,0,1,1
www,4,29,33
wyns,1,0,1
wyvern,0,1,1
xa,0,1,1
xaax,0,1,1
xavier,0,2,2
xbox,2,2,4
xd,5,14,19
xdancer,0,1,1
xdddd,0,1,1
xlr,0,1,1
xmas,0,1,1
xmasquerade,1,0,1
xml,3,0,3
xo,1,7,8
xox,0,1,1
xoxo,7,7,14
xoxox,0,1,1
xoxoxoxoxo,1,0,1
xp,1,4,5
xperia,1,0,1
xpop,1,0,1
xray,1,0,1
xt,0,1,1
xtra,1,0,1
xx,17,18,35
xxls,0,1,1
xxx,12,10,22
xxxx,3,2,5
xxxxx,1,0,1
xxxxxxx,0,1,1
xxxxxxxxxx,0,1,1
xxzx,0,1,1
ya,17,34,51
yaaaa,1,0,1
yaaaaayyy,0,1,1
yaaaay,0,1,1
yaar,1,0,1
yaay,0,2,2
yac,0,1,1
yach,0,1,1
yael,0,1,1
yah,0,7,7
yahoo,2,1,3
yahooooo,0,1,1
yaldy,0,1,1
yaletown,0,1,1
yall,1,0,1
yamin,0,1,1
yang,0,1,1
yankee,0,1,1
yard,2,1,3
yardwork,2,0,2
yarn,1,1,2
yasmine,1,0,1
yawn,1,1,2
yay,17,68,85
yayayayay,0,1,1
yayerrrrzzzzz,0,1,1
yayy,1,3,4
yayyay,1,0,1
yayyy,0,5,5
yayyyy,0,1,1
yayyyyy,0,1,1
yayyyyyyy,0,1,1
yba,1,0,1
yea,6,7,13
yeaaaaaa,0,1,1
yeaaaaaaaaaaaaaaaaaaah,1,0,1
yeaah,0,1,1
yeah,61,69,130
yeahh,1,0,1
yeahhh,0,1,1
yeahhhh,0,1,1
yeap,1,2,3
year,35,27,62
yearbooks,0,1,1
yearr,1,0,1
years,15,22,37
yeay,1,1,2
yeeeeeeeey,1,0,1
yeheeyyy,0,1,1
yehhaaa,0,1,1
yehhh,0,1,1
yell,1,1,2
yelled,1,0,1
yelling,1,0,1
yellow,1,2,3
yen,0,1,1
yeow,0,1,1
yep,5,18,23
yes,42,99,141
yesh,0,1,1
yess,0,2,2
yessirrr,0,1,1
yesss,0,2,2
yesssss,0,1,1
yessssssss,0,1,1
yessssssssssss,0,1,1
yest,0,2,2
yesterday,34,22,56
yesturday,1,0,1
yet,50,27,77
yettt,1,0,1
yetttt,0,1,1
yey,1,2,3
yeyyy,0,1,1
yh,1,0,1
yi,2,0,2
yiayia,0,1,1
yikes,2,1,3
ying,0,1,1
yknow,1,1,2
ylo,1,0,1
ym,0,4,4
yo,4,3,7
yoda,0,1,1
yoga,0,4,4
yoghurt,2,1,3
yogurt,1,2,3
yoo,0,1,1
yooooou,1,0,1
yoouuu,1,0,1
yop,1,0,1
yor,0,1,1
york,0,4,4
yorkers,1,0,1
yoself,1,0,1
you,614,1258,1872
youlgreave,0,1,1
youll,0,1,1
young,12,3,15
younger,1,2,3
youngster,0,1,1
your,127,288,415
yours,2,6,8
yourself,1,10,11
yourselves,1,0,1
yous,0,1,1
youth,2,0,2
youtube,11,20,31
youu,1,2,3
youuu,1,1,2
youuuu,0,1,1
youuuuu,1,1,2
yr,5,7,12
yrold,0,1,1
yrs,5,5,10
ysl,1,0,1
ysterda,0,1,1
yt,2,1,3
yu,1,0,1
yud,1,0,1
yukkies,1,0,1
yukky,1,0,1
yum,7,8,15
yumm,0,1,1
yummi,0,1,1
yummmminesssssss,0,1,1
yummo,0,2,2
yummy,2,11,13
yumo,0,1,1
yung,0,1,1
yup,5,13,18
yuri,0,1,1
yurr,1,0,1
yusuf,1,0,1
yvonne,0,2,2
yw,0,2,2
zacetl,0,1,1
zack,0,2,2
zara,2,0,2
zc,0,2,2
zcs,0,2,2
zdnx,0,1,1
zealand,1,3,4
zebra,0,1,1
zee,0,1,1
zeker,0,1,1
zero,3,1,4
zhen,0,1,1
zhzq,0,1,1
zimbabwe,0,1,1
zip,0,1,1
zippy,0,1,1
zoe,0,1,1
zogfqvh,0,1,1
zombie,0,1,1
zombiehero,1,0,1
zombieninja,1,0,1
zombies,1,1,2
zomg,0,1,1
zone,1,4,5
zones,0,1,1
zoo,1,0,1
zoom,0,1,1
zooooooooo,1,0,1
zpak,1,0,1
zta,1,0,1
zues,1,0,1
zune,0,1,1
zurich,1,1,2
zz,1,0,1
zzs,0,1,1
zzz,2,0,2
zzzz,0,1,1
zzzzzzz,0,1,1
